vendorID	passengerCount	tripDistance	month_num	day_of_month	day_of_week	day_of_hour
2	1	5.59	7	24	4	17
2	1	4.47	5	29	4	18
2	6	1.55	6	9	1	11
2	1	2.45	12	12	5	12
2	6	1.32	1	12	0	17
2	1	1.41	10	2	4	23
2	1	1.06	11	16	0	20
2	1	11.32	9	7	0	15
2	1	2.01	7	24	4	21
2	1	1.02	1	25	6	8
2	1	2.85	7	25	5	21
2	1	0.75	9	22	1	13
2	1	1.37	3	16	0	11
1	5	6.2	4	7	1	23
1	1	0.6	12	4	4	12
2	1	1.18	2	21	5	22
2	1	4.58	6	21	6	18
1	2	1.4	12	30	2	22
2	1	3.79	9	19	5	21
2	1	1.23	9	28	0	10
2	2	3.41	4	3	4	3
2	1	2.25	1	6	1	13
2	1	5.66	10	5	0	8
2	1	0.84	10	2	4	2
2	1	1.81	1	10	5	16
2	1	0.38	8	13	3	10
2	1	1.3	3	25	2	14
2	1	1.32	9	5	5	3
2	1	7.18	5	18	0	8
2	1	2.75	5	10	6	21
2	1	5.94	10	25	6	19
2	2	8.87	3	14	5	17
2	1	6.15	4	28	1	23
2	1	4.07	5	25	0	15
2	1	1.81	7	30	3	9
2	1	7.91	8	13	3	18
2	1	1.14	11	29	6	20
2	1	3.15	11	25	2	13
2	5	1.08	5	26	1	17
2	1	3.68	6	20	5	4
2	1	4.19	12	5	5	0
2	1	2.14	10	21	2	22
2	1	2.02	11	2	0	18
2	1	2.33	1	22	3	20
1	1	0.9	5	20	2	8
2	1	4.93	7	3	4	14
1	1	2.8	5	30	5	5
2	2	0.47	6	5	4	18
2	1	7.05	5	8	4	22
2	1	8.83	4	21	1	7
2	1	4.56	8	18	1	16
2	1	7.6	7	27	0	15
2	2	5.84	10	24	5	10
1	1	0.9	7	4	5	14
2	1	1.46	6	19	4	20
2	1	0.75	10	23	4	21
2	5	0.6	6	8	0	18
2	1	1.54	5	24	6	14
2	1	0.86	2	8	6	22
2	1	5.02	10	19	0	7
2	1	5.69	8	30	6	23
2	1	1.82	1	9	4	17
2	1	0.95	12	12	5	3
2	1	6.22	5	24	6	2
2	1	2.85	9	9	2	9
1	1	1.4	6	18	3	18
2	1	0.83	11	15	6	18
2	1	2.25	1	6	1	12
2	1	5.43	9	27	6	20
2	1	2.03	3	19	3	21
2	1	1.92	5	3	6	4
2	1	1.5	2	7	5	13
2	1	0.32	1	30	4	7
2	1	1.76	10	24	5	23
2	1	2.48	1	1	3	0
2	1	7.75	3	24	1	17
2	1	2.03	11	19	3	18
2	1	1.43	8	30	6	15
2	1	2.38	9	11	4	20
2	5	1.21	11	5	3	19
1	1	2	3	22	6	3
2	1	5.81	4	16	3	20
2	1	0.61	12	26	5	11
1	1	0.7	10	17	5	19
2	1	7.57	2	15	6	18
1	1	1.3	9	26	5	22
2	3	1.48	10	19	0	14
1	1	8.6	3	4	2	14
2	1	1.55	8	17	0	23
1	1	1.2	9	10	3	16
2	1	0.63	10	28	2	9
2	1	0.63	1	3	5	19
2	1	4.52	11	26	3	15
1	1	6	10	26	0	18
2	1	4.69	8	30	6	3
2	1	0.61	7	5	6	18
2	2	0.31	2	14	5	14
2	1	3.54	2	14	5	18
2	1	2.7	3	4	2	9
2	2	1.39	11	22	6	4
2	1	4.58	10	18	6	2
2	1	3.69	1	16	4	20
1	1	0.5	12	4	4	17
1	1	1.1	4	12	6	1
2	1	7.86	3	20	4	18
2	1	2.08	12	3	3	18
2	1	1.24	4	15	2	17
2	1	0.96	2	22	6	16
1	1	1.2	10	23	4	22
2	1	5.3	2	21	5	23
2	1	0.64	8	19	2	0
2	1	17.2	10	26	0	6
2	1	3.19	3	9	0	21
2	1	9.96	5	21	3	6
2	1	6.22	10	9	4	20
2	1	0.64	7	27	0	16
1	1	2.3	7	13	0	16
2	3	2.69	8	29	5	16
2	1	4.04	7	22	2	15
1	1	1.7	9	4	4	9
2	1	1.03	10	6	1	22
1	1	2.9	8	1	5	13
1	2	0.6	10	4	6	22
1	3	1.9	5	10	6	16
2	1	2.82	7	16	3	18
1	1	2.1	1	5	0	19
2	1	1.97	1	10	5	23
1	1	0.6	8	6	3	8
2	1	3.56	11	7	5	20
2	1	0.83	2	24	1	16
2	2	1.32	8	22	5	2
2	1	5.38	5	21	3	10
2	1	1.32	2	21	5	16
2	1	0.98	1	10	5	17
2	1	0.43	10	3	5	12
1	3	1.9	5	4	0	8
2	1	7.64	2	27	4	8
2	1	4.56	12	13	6	10
2	1	0.49	11	12	3	7
2	1	0.51	11	28	5	19
2	1	1.19	2	16	0	1
2	1	0.97	8	20	3	17
2	1	0.54	10	2	4	22
2	1	0.88	10	15	3	1
2	1	2.61	4	5	6	16
2	3	1.74	11	11	2	14
1	1	0.9	1	22	3	13
2	1	0.38	9	25	4	15
2	1	9.38	5	17	6	0
2	2	0.82	6	18	3	12
2	1	3.68	6	28	6	9
2	1	1.45	3	17	1	18
2	1	0.95	1	20	1	18
2	6	3.59	6	7	6	4
2	1	3.59	8	1	5	20
2	1	1.35	11	11	2	15
2	1	0.95	1	7	2	22
2	2	4.1	6	14	6	12
2	1	1.25	7	23	3	16
1	1	2.2	7	14	1	21
2	1	1.79	8	1	5	22
2	1	2.62	5	3	6	19
2	1	0.78	8	19	2	1
2	1	1.34	7	14	1	18
2	1	0.52	10	30	4	17
2	3	8.46	3	25	2	15
1	1	0.9	5	26	1	17
1	1	2	8	8	5	19
2	1	2.05	2	13	4	12
2	1	6.7	11	17	1	17
1	1	1.6	1	30	4	18
2	1	3.79	3	17	1	20
2	1	2.03	9	9	2	10
2	5	1.74	6	22	0	15
1	1	17.7	3	12	3	18
2	5	1.84	10	24	5	3
2	5	0.38	5	7	3	11
2	1	1.5	5	27	2	2
2	1	0.94	5	10	6	3
2	1	0.77	6	12	4	12
1	1	1.9	10	16	4	17
2	1	1.02	12	5	5	15
2	6	1.48	8	17	0	9
1	1	0.7	7	25	5	4
2	1	7.46	1	15	3	19
2	1	1.2	12	19	5	6
2	1	4.68	5	3	6	11
2	1	4.21	4	26	6	4
1	2	3.2	6	20	5	0
1	2	0.7	5	1	4	5
2	1	1.09	3	7	5	0
1	1	0.9	11	25	2	9
2	2	4.34	11	2	0	12
2	1	14.57	2	9	0	4
2	1	2.24	10	17	5	13
2	1	1.12	11	20	4	18
2	6	0.58	4	15	2	10
2	1	8.46	11	22	6	6
2	1	0.45	10	10	5	22
2	5	1.24	8	18	1	18
2	1	1.94	1	2	4	18
2	1	6.81	11	1	6	2
1	1	2.9	10	25	6	4
1	1	5.6	2	25	2	15
1	1	3.1	2	1	6	6
2	6	6.67	11	24	1	11
2	1	5.62	8	27	3	8
2	1	0.91	6	15	0	21
1	1	2	4	18	5	1
2	1	2.38	5	6	2	17
2	1	3.47	10	16	4	6
2	1	7.04	12	15	1	21
2	1	3.15	5	1	4	22
1	1	1.2	11	7	5	12
2	1	1.7	5	22	4	8
1	1	0.5	6	29	0	2
2	1	1.04	7	23	3	19
2	1	4.12	8	15	5	2
1	1	2.1	3	28	5	20
2	1	1.42	3	21	5	0
1	1	1.3	4	5	6	4
1	1	3.5	5	4	0	20
1	1	1.5	2	6	4	10
2	1	1.81	3	27	4	13
2	1	7.24	6	17	2	16
1	1	1.7	8	14	4	10
2	1	1.91	6	8	0	9
2	1	14.39	6	27	5	14
2	1	0.36	3	15	6	5
2	1	2.88	3	12	3	14
2	1	1.63	12	7	0	13
1	1	3.6	8	20	3	17
1	1	1.8	8	11	1	18
2	1	5.5	7	15	2	20
1	1	7	9	21	0	20
2	1	0.8	6	18	3	16
2	1	7.54	9	11	4	21
2	1	6.78	3	6	4	7
2	1	4.49	4	22	2	21
2	1	1.89	4	17	4	4
2	1	13.02	1	20	1	18
2	1	3.58	6	23	1	15
2	1	3.14	3	4	2	10
2	1	2.51	12	30	2	14
2	1	11.25	9	11	4	23
1	1	1.2	11	21	5	1
1	2	0.9	1	5	0	15
2	1	1.33	6	14	6	2
2	1	0.67	8	15	5	11
2	1	2.72	2	8	6	20
2	1	3.15	12	8	1	20
2	1	2.43	4	13	0	22
2	1	0.36	1	5	0	14
1	1	1.5	1	19	0	11
2	1	4.42	4	18	5	19
2	1	3.51	8	6	3	16
2	5	0.91	9	11	4	18
2	1	0.36	4	20	0	10
2	1	15.46	5	7	3	10
2	1	1.92	3	19	3	2
1	1	3.3	7	24	4	7
2	5	0.79	2	12	3	14
2	1	7.09	4	22	2	21
1	1	1.1	11	1	6	21
2	1	1.25	9	11	4	11
1	1	2.6	9	16	2	18
2	1	0.61	7	17	4	22
2	1	0.57	9	9	2	12
2	1	0.98	8	28	4	17
2	1	2.78	5	23	5	18
1	1	0.8	7	17	4	17
2	1	0.76	10	21	2	2
2	1	6.22	7	24	4	22
2	1	12.05	3	25	2	7
2	1	1.29	11	13	4	21
2	1	1.44	8	14	4	14
1	1	2.3	9	26	5	22
2	1	1.13	2	19	3	22
1	1	4.9	4	11	5	17
2	1	2.46	3	27	4	9
2	1	0.84	9	8	1	15
2	1	1.35	6	13	5	10
2	1	1.17	3	9	0	14
2	1	0.65	10	3	5	1
2	5	10.14	10	1	3	17
2	1	2.05	3	28	5	7
2	1	2.55	12	20	6	8
2	1	1.59	12	30	2	18
2	1	7.47	7	18	5	2
2	1	7.72	12	29	1	19
2	6	0.86	7	20	0	10
2	1	1.45	12	6	6	2
2	1	3.65	6	27	5	13
2	1	1.65	10	26	0	17
2	1	1.23	1	24	5	19
2	1	3.18	5	23	5	2
2	1	5.12	1	9	4	16
2	1	2.6	4	15	2	7
2	1	0.72	7	4	5	11
2	1	6.97	2	25	2	10
2	1	3.78	5	6	2	5
1	1	1.5	8	13	3	8
2	1	2.45	4	2	3	22
2	1	0.53	11	21	5	12
2	1	3.52	10	23	4	21
2	1	0.87	11	23	0	11
1	1	3.2	3	26	3	9
1	2	1	6	1	0	11
2	1	4.59	4	2	3	21
2	1	1.35	1	5	0	18
2	1	3.48	4	24	4	6
2	1	1.85	10	10	5	22
2	1	3.79	12	12	5	2
2	1	3.19	10	9	4	2
2	1	3.78	9	18	4	8
2	1	1.21	6	20	5	23
2	1	1.73	8	11	1	20
2	1	1.58	2	25	2	17
2	1	2.01	11	13	4	14
2	1	1.1	9	19	5	22
2	1	1.75	7	20	0	16
2	1	3.53	12	6	6	14
2	1	2.36	5	15	4	18
2	1	1.36	7	15	2	18
2	1	1.35	1	11	6	19
2	1	9.12	5	20	2	9
2	1	0.99	2	26	3	0
1	1	1	12	18	4	16
2	1	1.4	6	7	6	4
2	1	3.26	7	27	0	18
2	5	6.84	12	26	5	14
2	2	0.76	2	11	2	23
2	5	7.15	1	8	3	23
2	5	0.81	4	19	6	2
2	1	2.68	1	4	6	16
2	1	1.17	5	17	6	19
2	1	7.84	9	19	5	3
2	1	2.82	12	4	4	17
2	5	2.29	1	14	2	16
1	1	7.3	8	23	6	3
2	1	1.2	8	19	2	18
2	1	4.88	10	11	6	2
1	1	1.5	3	18	2	18
2	5	2.66	3	29	6	0
2	1	2.98	12	19	5	16
2	1	1.19	9	25	4	18
1	1	1.6	3	25	2	17
2	1	2.3	5	24	6	21
2	1	5.61	12	7	0	10
2	1	0.76	8	2	6	12
2	5	1.37	10	24	5	23
2	1	2.45	1	6	1	21
1	2	5.4	11	8	6	2
2	2	2.02	4	16	3	3
2	1	2.41	1	15	3	15
2	1	1.03	5	29	4	11
2	1	8.46	8	22	5	3
2	1	0.51	4	27	0	22
2	1	3.62	1	11	6	5
2	2	1.84	8	30	6	16
2	1	3.75	7	13	0	10
1	1	2	10	10	5	15
2	3	2.08	3	14	5	22
2	1	5.39	4	28	1	16
1	2	2.8	7	26	6	16
1	1	1.1	6	25	3	13
2	6	3.84	10	20	1	17
2	5	1.1	6	23	1	21
2	1	0.54	12	13	6	0
2	1	3.13	10	15	3	9
2	1	1.46	10	27	1	11
2	1	0.93	8	19	2	19
2	1	0.63	4	17	4	3
2	1	18.65	12	27	6	13
2	1	1.05	12	20	6	10
2	5	6.3	12	16	2	9
2	1	0.58	7	4	5	10
2	3	3.43	9	7	0	21
2	1	1.14	6	11	3	15
2	1	6.37	5	8	4	9
2	1	4.12	10	15	3	10
2	1	0.39	3	9	0	0
1	1	0.7	7	11	5	15
2	1	1.17	8	28	4	17
2	1	12.85	6	26	4	7
2	1	1.99	3	1	6	12
2	1	1.87	3	9	0	23
2	1	2.15	5	11	0	0
2	1	5.51	8	16	6	18
2	1	0.9	11	5	3	9
2	1	2.88	7	11	5	13
2	1	8.39	12	5	5	18
2	1	0.92	2	3	1	21
2	1	4.57	12	20	6	18
2	1	3.83	5	21	3	15
2	1	2.35	4	14	1	15
2	1	1.02	2	27	4	13
1	1	2.9	7	12	6	18
2	1	1.56	7	11	5	17
2	1	1.36	2	13	4	12
2	1	1.65	9	28	0	20
2	2	3.44	5	22	4	23
2	1	1.06	12	20	6	18
2	1	3.62	6	10	2	12
1	1	6.6	4	11	5	14
1	1	2.1	11	25	2	18
2	1	4.71	6	20	5	22
2	1	3.09	10	1	3	15
2	1	1.16	7	4	5	8
2	1	0.91	2	10	1	12
1	1	0.8	1	9	4	20
2	1	3.58	10	16	4	23
2	1	2.37	5	16	5	9
2	1	1.42	3	29	6	15
2	1	8.2	12	19	5	20
1	1	1.5	11	17	1	11
2	2	1.46	11	21	5	12
1	1	2.6	5	27	2	7
1	1	0.5	3	10	1	15
2	1	5.08	2	4	2	21
2	2	6.32	6	25	3	9
2	1	1.41	1	30	4	20
1	1	0.6	3	3	1	10
2	1	2.65	1	2	4	15
1	1	3.5	11	1	6	3
2	1	0.84	8	24	0	10
2	1	1.27	2	21	5	21
2	1	9.14	10	7	2	20
2	1	3.17	3	14	5	12
2	1	0.44	5	20	2	16
2	5	1.74	6	14	6	13
2	1	2.97	5	21	3	17
2	1	1.94	10	3	5	20
1	1	6.6	11	23	0	14
2	1	0.43	12	28	0	23
2	1	18.22	8	3	0	8
2	1	5.74	8	22	5	23
2	1	0.82	11	10	1	9
2	1	0.58	9	26	5	1
2	1	2.41	10	16	4	13
2	1	4.43	2	25	2	16
1	1	15.6	8	29	5	18
1	1	5.3	2	1	6	0
2	1	2.26	1	18	6	1
1	1	3.6	7	30	3	16
2	1	0.65	6	25	3	21
2	1	0.5	4	17	4	14
1	1	3.4	10	4	6	3
1	1	0.8	8	30	6	21
2	1	1.52	11	15	6	7
2	1	0.33	6	24	2	15
1	1	4.4	11	11	2	4
1	1	1.1	12	23	2	18
2	1	1.37	4	22	2	21
2	2	0.78	3	27	4	23
2	1	1.12	4	22	2	14
2	5	0.6	3	14	5	3
2	2	0.75	7	24	4	17
2	1	2.09	9	26	5	23
2	1	4.59	11	29	6	1
2	1	2.65	7	29	2	1
1	1	2.5	10	3	5	5
1	1	1.7	4	13	0	11
2	1	13.65	2	4	2	18
2	1	0.68	12	27	6	3
2	1	0.52	11	5	3	18
2	1	3.44	12	20	6	19
1	1	1.3	10	10	5	12
1	1	2.8	7	25	5	0
1	1	1.8	5	6	2	21
2	1	9.36	6	8	0	9
1	1	1.3	4	15	2	21
2	1	1.97	7	21	1	15
1	1	0.6	5	19	1	19
2	1	2.71	11	18	2	20
2	1	3.8	10	19	0	21
2	1	0.78	11	28	5	6
1	1	0.8	11	17	1	17
2	1	0.71	7	27	0	13
2	1	2.63	2	23	0	18
1	1	2	8	14	4	1
2	1	2.05	6	16	1	13
2	1	1.77	11	22	6	12
2	5	6.96	3	7	5	21
1	1	0.5	12	20	6	0
1	1	0.4	10	6	1	12
2	1	1.34	8	15	5	23
2	1	1.26	4	25	5	17
2	1	2.06	4	5	6	14
1	1	1.1	3	24	1	0
2	1	1.67	1	9	4	23
2	1	0.3	10	24	5	15
2	1	0.68	6	20	5	5
2	1	3.55	1	30	4	19
2	1	0.92	4	2	3	8
2	2	12.24	9	4	4	23
2	1	5.73	11	11	2	11
2	6	1.01	7	9	3	23
2	1	1.17	5	10	6	20
2	1	3.22	9	18	4	1
2	1	2.01	5	24	6	22
2	1	2.46	10	7	2	14
2	1	1.13	9	2	2	18
2	1	6.96	4	23	3	20
2	1	0.99	2	8	6	3
2	1	3.01	10	16	4	0
2	1	1.81	3	27	4	17
1	1	2.7	5	16	5	23
2	1	1.59	5	3	6	9
2	2	1.49	8	23	6	10
2	1	0.91	5	12	1	4
2	1	1.91	3	4	2	22
2	3	4.64	2	14	5	18
1	1	1	4	5	6	17
2	1	6.33	1	21	2	14
1	1	2.9	4	11	5	1
2	2	1.29	9	5	5	16
2	1	2.17	8	8	5	18
2	1	2.24	5	6	2	9
2	1	3.06	11	8	6	0
2	1	1.85	7	8	2	22
2	5	0.51	10	25	6	0
2	1	4.07	9	17	3	15
1	1	5.7	2	22	6	4
2	1	1.92	1	17	5	2
2	2	5.55	3	9	0	14
2	1	1.5	12	22	1	21
2	2	0.67	5	1	4	20
2	1	5.67	7	10	4	18
1	1	2.3	10	25	6	3
2	1	1.06	12	27	6	0
2	1	5.09	7	19	6	1
2	1	5.99	4	18	5	13
2	1	6.05	9	19	5	21
2	1	2.62	6	10	2	10
2	1	10.92	11	1	6	2
2	1	2.86	5	17	6	19
2	1	0.9	12	12	5	1
2	1	8.8	2	18	2	13
1	1	1.3	9	9	2	7
2	2	6.26	3	2	0	21
2	1	3.11	8	2	6	13
1	1	2.1	10	23	4	17
1	1	3.7	8	5	2	23
2	1	7.18	12	16	2	18
2	1	2.21	6	8	0	13
1	1	2	3	22	6	17
2	1	2.37	2	10	1	17
1	1	1.8	5	17	6	10
2	1	1.71	3	17	1	14
2	1	1.39	1	7	2	16
2	1	1.05	1	16	4	16
1	1	7.7	7	12	6	5
2	1	1.26	11	13	4	16
2	1	3.64	12	11	4	18
1	1	1.3	2	26	3	13
2	1	1.03	8	11	1	22
2	1	1.04	11	15	6	14
2	1	0.72	6	4	3	22
2	1	10.37	4	2	3	3
2	1	1.11	8	17	0	12
2	1	2.16	9	7	0	23
2	1	4.55	12	17	3	10
2	1	0.95	10	9	4	10
1	1	1.8	11	1	6	23
2	1	1.05	7	15	2	0
2	1	8.12	2	14	5	15
2	6	3.13	9	14	0	13
2	1	0.87	12	5	5	23
2	1	0.63	2	6	4	10
1	1	1.4	12	17	3	7
2	1	7.03	4	12	6	13
1	1	1.2	1	25	6	10
2	1	2.48	11	22	6	20
2	1	2.62	9	26	5	19
2	5	7.04	2	7	5	10
1	1	2.7	6	4	3	17
2	1	4.05	5	13	2	9
2	1	2.85	2	6	4	6
2	1	2.03	7	14	1	16
2	1	2.02	5	19	1	20
1	3	0.4	3	21	5	2
2	1	1.95	12	1	1	22
2	2	5.35	1	1	3	6
2	1	0.65	6	1	0	6
2	1	0.64	3	6	4	18
2	1	1.15	8	15	5	16
1	1	2.3	7	1	2	5
2	6	0.61	10	21	2	23
1	1	3.9	2	1	6	2
2	1	9.58	9	29	1	10
1	1	1.1	2	15	6	5
2	1	2.96	3	12	3	21
2	5	0.51	11	5	3	11
1	1	0.8	9	24	3	2
1	1	1.1	1	6	1	13
2	1	5.85	10	10	5	0
2	5	4.83	5	16	5	11
1	2	0.6	2	5	3	22
2	1	9.78	4	26	6	4
2	1	8.54	2	1	6	8
2	1	5.73	5	26	1	6
2	1	10.8	2	18	2	7
2	5	2.82	6	10	2	18
2	1	2.42	10	3	5	14
2	6	1.98	12	8	1	10
2	1	1.29	3	10	1	8
2	1	3.19	2	20	4	11
1	1	1.9	12	12	5	21
2	1	2.86	10	11	6	8
1	1	1.1	12	18	4	21
2	1	2.64	4	18	5	20
2	1	1.35	10	5	0	22
2	2	3.77	8	2	6	11
1	1	0.6	2	4	2	9
1	2	0.3	3	8	6	4
2	1	2.17	4	1	2	20
2	1	0.76	1	6	1	10
1	1	2.2	10	2	4	19
2	1	13.39	12	17	3	21
2	1	0.87	10	9	4	17
2	1	1.1	10	21	2	14
1	1	1	11	25	2	19
2	1	1.78	9	25	4	22
2	1	9.49	8	16	6	22
2	1	7.64	7	9	3	9
2	1	2.59	12	4	4	17
1	2	2.5	3	8	6	23
2	1	4.08	7	19	6	18
2	1	4.94	5	9	5	0
2	1	0.55	10	12	0	17
2	1	2.82	9	9	2	9
2	1	0.46	8	2	6	3
2	1	2.99	12	12	5	12
2	1	1.63	9	6	6	18
2	1	9.45	6	8	0	23
2	1	1.04	6	5	4	15
2	1	1.73	4	26	6	13
1	1	3.4	9	16	2	10
1	1	3	1	30	4	7
2	3	5.99	9	29	1	17
2	1	3.01	11	2	0	21
2	1	2.31	1	30	4	14
2	1	0.96	5	14	3	10
2	1	13.52	9	27	6	0
1	1	0.5	5	23	5	3
1	2	0.9	10	18	6	1
2	1	2.1	1	30	4	9
2	1	1.72	10	15	3	16
2	1	1.15	12	3	3	5
1	3	0.5	1	1	3	4
2	3	1.24	4	18	5	16
2	1	2.84	2	22	6	1
2	1	5.49	6	6	5	5
2	1	2.71	5	3	6	13
2	1	0.57	9	8	1	6
2	1	1.08	11	22	6	13
2	1	2.08	12	21	0	20
2	1	0.69	4	11	5	3
2	2	0.42	2	23	0	21
2	3	3.42	5	1	4	8
2	1	3.82	5	1	4	18
2	4	1.54	5	16	5	11
2	2	2.47	11	28	5	11
2	1	1.39	5	22	4	21
2	1	0.55	9	4	4	21
2	2	1.44	4	1	2	17
1	1	1.6	2	5	3	18
2	6	2.38	11	18	2	16
2	1	4.69	9	17	3	8
2	1	3.4	4	1	2	18
2	1	8.47	1	17	5	21
2	1	0.71	8	14	4	1
1	1	1.8	5	8	4	15
2	1	1.93	8	14	4	20
2	1	3.19	5	8	4	10
2	6	1	5	26	1	16
2	1	1.63	10	13	1	18
2	5	0.71	8	1	5	18
2	1	2.89	11	15	6	12
2	1	1	12	9	2	13
2	1	5.14	4	12	6	13
2	1	0.99	1	1	3	18
2	1	1.42	3	26	3	9
2	1	0.84	3	22	6	1
2	1	1.58	10	25	6	18
2	1	6.92	2	25	2	23
2	1	3.98	1	3	5	1
2	1	6.04	8	9	6	21
2	1	4.48	6	6	5	19
2	3	1.98	4	1	2	9
1	2	4.4	9	7	0	18
2	1	2.76	7	14	1	22
1	1	1.6	2	15	6	3
2	1	0.93	2	15	6	12
2	1	1.7	3	1	6	4
1	1	1.1	1	28	2	15
2	1	4.07	5	27	2	19
2	2	0.47	3	9	0	19
2	1	1.11	1	18	6	6
2	1	4.08	9	17	3	15
1	1	0.9	1	7	2	20
2	1	1.21	2	5	3	18
1	2	1.9	7	16	3	15
2	1	2.3	9	11	4	14
2	1	1.06	3	8	6	22
2	1	1.49	11	16	0	18
2	1	1.26	10	1	3	18
2	1	1.25	3	25	2	7
2	1	0.86	7	16	3	18
1	1	2.5	9	8	1	18
2	1	1.24	3	18	2	14
2	1	0.92	6	12	4	17
2	1	0.5	1	11	6	16
2	1	0.9	2	2	0	18
2	5	4.96	10	21	2	11
2	2	1.79	8	14	4	23
2	1	1.8	10	20	1	8
2	5	1.35	1	4	6	9
2	1	2.42	11	14	5	2
1	1	8.1	4	7	1	5
2	2	2.5	7	30	3	17
2	1	4.23	9	13	6	17
2	1	8.37	2	5	3	10
1	1	1.1	2	1	6	5
2	2	2.54	6	5	4	19
2	1	1.68	1	5	0	11
2	1	0.85	9	13	6	0
2	1	0.78	5	16	5	11
2	1	3.65	11	14	5	22
2	1	0.65	5	22	4	9
2	1	4.01	10	7	2	0
2	1	0.78	2	18	2	15
2	1	2.32	9	16	2	23
1	1	2.2	7	20	0	14
2	1	0.76	4	23	3	19
2	1	5.65	1	3	5	20
2	5	0.5	2	18	2	17
2	1	0.54	4	19	6	16
2	6	12.1	6	20	5	14
2	1	1.38	11	18	2	14
2	1	3.56	6	24	2	12
2	2	2.1	8	12	2	20
1	2	4.9	8	25	1	22
2	1	1.13	1	13	1	17
1	1	1	6	10	2	15
2	1	0.89	7	8	2	10
2	1	0.94	1	8	3	19
2	1	1.45	3	23	0	1
2	1	2.53	3	14	5	21
2	1	1.24	2	26	3	8
1	1	1.1	9	16	2	21
2	4	1.57	1	21	2	22
2	1	3.25	6	3	2	18
2	1	1.73	6	26	4	18
2	1	3.22	4	29	2	0
1	1	2.3	3	26	3	11
1	1	0.5	3	20	4	6
1	1	2.9	1	6	1	18
1	1	0.7	11	27	4	20
1	1	6.2	2	18	2	11
2	1	0.7	2	7	5	3
2	1	1.55	2	4	2	8
2	1	4.02	7	15	2	9
1	1	6.7	3	24	1	18
2	2	2.28	1	13	1	20
2	1	5.32	10	3	5	20
2	4	1.98	7	22	2	21
2	5	6.5	5	2	5	12
2	1	2.93	10	2	4	18
2	1	3.16	4	29	2	10
2	6	2.78	5	14	3	11
2	1	2.63	7	25	5	23
2	1	3.72	11	1	6	4
2	6	8.4	6	22	0	21
2	1	0.78	10	19	0	19
1	1	1.5	1	9	4	23
2	1	3.69	5	29	4	22
2	1	2.17	1	17	5	10
2	1	4.94	6	1	0	11
2	5	0.46	7	20	0	22
2	5	5.03	6	12	4	14
2	2	0.82	4	18	5	7
2	1	1.78	10	29	3	9
2	1	1.51	4	7	1	15
2	1	5.13	8	1	5	3
2	1	1.43	1	9	4	12
2	1	1.58	8	6	3	18
2	1	1.92	4	26	6	17
2	1	3.74	11	6	4	15
1	1	0.5	10	21	2	10
2	1	2.36	7	18	5	13
1	1	0.7	2	8	6	14
2	1	6.81	12	15	1	19
2	1	1.6	11	3	1	11
1	1	0.9	1	29	3	12
2	6	1.02	11	12	3	20
2	1	4.31	6	3	2	13
2	1	3.39	6	9	1	6
2	2	1.79	12	13	6	14
2	2	3.38	10	18	6	5
2	1	4.75	3	23	0	19
1	1	11.3	10	12	0	11
1	1	2.8	9	8	1	19
1	1	4	4	3	4	21
1	1	7.1	10	1	3	16
2	1	1.32	6	2	1	16
2	1	1.99	8	29	5	15
2	1	1.88	5	25	0	19
1	1	6.9	7	3	4	18
2	1	7.02	3	3	1	13
1	1	1.3	8	5	2	19
2	1	1.49	10	26	0	12
2	1	4.31	3	30	0	0
1	2	3.9	2	2	0	9
1	3	1.1	4	19	6	2
1	1	3	8	12	2	14
2	1	4.44	7	9	3	19
2	1	5.96	9	5	5	14
2	1	1.04	4	18	5	18
2	1	1.11	10	17	5	21
2	1	0.36	3	27	4	19
2	1	1.55	3	28	5	4
2	1	6.67	8	19	2	11
2	6	3.29	4	13	0	20
2	1	7.53	3	12	3	17
2	1	3.67	6	12	4	22
2	1	3.54	7	24	4	21
2	1	0.83	12	21	0	15
2	1	1.87	11	27	4	18
2	1	0.66	1	27	1	19
2	3	1.93	12	10	3	20
1	1	0.9	6	27	5	18
2	1	4.01	3	5	3	16
2	1	5.67	11	6	4	9
2	1	1.26	8	14	4	22
2	1	1.01	5	8	4	9
2	1	1.16	7	6	0	0
2	2	1.15	2	14	5	17
2	1	1.05	12	30	2	22
2	1	3.16	4	22	2	19
2	1	1.31	3	11	2	19
2	1	1.59	6	11	3	11
2	1	1.2	6	12	4	22
1	1	5.5	11	26	3	7
2	1	1.51	1	5	0	17
2	1	0.46	4	22	2	8
1	1	2.3	4	2	3	16
2	1	1.06	1	28	2	6
2	1	3.47	7	28	1	17
2	1	6.37	1	10	5	15
2	1	3.24	1	23	4	22
2	1	2.13	7	26	6	16
2	1	6.14	8	8	5	7
2	2	2.21	5	28	3	12
2	1	2.08	6	14	6	4
1	1	1.5	9	15	1	15
2	1	2.85	11	19	3	17
2	5	0.9	6	19	4	3
1	1	11.7	5	21	3	22
2	5	0.96	12	12	5	4
1	1	1.7	4	2	3	6
2	1	1.92	7	25	5	16
2	1	1.38	6	8	0	8
1	1	1.7	10	8	3	15
2	1	1.25	7	18	5	15
2	1	4.13	9	1	1	7
2	5	4.89	9	7	0	3
2	1	0.83	12	23	2	15
2	1	4.87	3	4	2	8
2	1	6.32	9	13	6	15
2	1	8.66	2	21	5	14
2	1	5.72	12	15	1	23
2	2	0.97	12	30	2	14
2	1	13.01	4	24	4	12
2	1	3	5	25	0	2
1	1	1	12	17	3	9
1	1	1.5	12	13	6	2
2	1	1.47	4	3	4	14
2	1	1.74	7	25	5	8
2	1	2.57	4	19	6	2
2	1	2.45	1	10	5	21
2	1	0.59	9	17	3	15
2	1	3.53	9	10	3	23
2	1	1.3	8	27	3	11
2	1	8.97	11	14	5	6
2	1	2.19	5	27	2	20
2	1	3.67	9	4	4	0
2	1	1.19	11	24	1	17
2	1	5.03	8	21	4	21
2	1	0.58	12	17	3	17
2	1	2.25	10	24	5	15
2	1	9.05	5	2	5	21
1	1	1.1	4	11	5	23
2	5	1.13	10	6	1	23
2	1	1.34	5	24	6	1
2	1	1.61	8	2	6	22
2	1	1.4	10	30	4	15
2	5	0.51	12	24	3	20
1	1	1.1	11	25	2	14
2	1	4.58	7	16	3	14
2	5	7.26	7	11	5	8
2	1	7.41	12	18	4	10
2	1	0.69	9	25	4	7
1	1	2.4	9	6	6	4
2	1	5.76	4	28	1	8
1	1	1.6	4	2	3	21
2	1	0.6	11	16	0	16
2	1	1.19	6	24	2	11
2	1	4.62	9	9	2	17
2	1	1.51	12	22	1	17
2	2	1.59	3	17	1	20
2	1	2.62	8	22	5	19
1	1	3	6	8	0	21
2	1	0.37	10	22	3	21
2	1	1.04	1	14	2	19
2	1	5.1	7	19	6	2
2	2	2.81	5	22	4	18
2	1	0.67	2	11	2	21
2	1	3.93	11	21	5	8
1	1	1.9	12	16	2	18
1	1	4	4	13	0	18
1	1	8.2	9	14	0	10
2	1	3.69	10	17	5	8
2	1	1.12	9	18	4	19
2	1	0.63	3	4	2	8
2	1	5.95	8	10	0	2
2	3	1	9	6	6	2
2	1	2.93	7	3	4	16
2	1	0.68	6	13	5	12
1	3	10.3	10	19	0	11
2	5	2.09	10	28	2	15
2	2	1.11	3	18	2	15
2	1	0.66	10	29	3	19
2	2	7.74	2	14	5	3
2	1	4.1	7	29	2	8
2	1	2.25	6	17	2	13
2	1	2.75	1	13	1	18
2	1	5.31	3	13	4	0
2	1	1.56	2	4	2	20
2	1	2.44	1	20	1	0
2	1	1.57	6	8	0	14
2	1	2.41	8	15	5	23
2	1	1.08	5	25	0	19
2	2	0.39	2	2	0	23
2	1	1.01	4	4	5	0
2	1	1.57	4	4	5	16
2	1	9.4	12	22	1	20
2	1	1.53	1	14	2	21
1	1	0.4	12	16	2	15
2	1	11.38	11	13	4	3
2	1	1.6	9	29	1	15
2	6	1.27	12	12	5	3
1	1	0.9	7	8	2	5
2	2	1.91	9	20	6	3
2	1	4.79	10	11	6	1
2	1	1.87	7	19	6	18
1	1	1.5	4	10	4	8
2	1	1.42	6	2	1	20
2	1	2.83	9	5	5	14
2	1	1.48	11	5	3	18
2	1	0.43	5	3	6	23
2	1	0.57	2	24	1	23
2	1	1.96	5	6	2	14
2	1	5.05	1	10	5	2
2	1	2.67	2	18	2	10
2	1	1.82	1	9	4	14
1	1	0.9	11	20	4	14
1	1	1.3	7	12	6	17
2	1	1.93	7	29	2	22
2	1	1.62	4	7	1	6
1	1	3.2	8	25	1	16
1	1	1.2	3	22	6	19
2	1	1.46	8	1	5	0
1	1	4.2	8	24	0	18
2	6	1.34	10	23	4	16
2	1	2.75	5	3	6	14
1	1	1.3	12	6	6	17
2	1	8.93	8	6	3	15
2	2	1.12	1	14	2	15
1	1	1.4	12	13	6	17
2	1	0.8	9	12	5	10
1	1	1.2	10	30	4	9
2	1	0.9	1	30	4	19
2	1	1.63	7	13	0	17
2	1	6.91	8	24	0	2
2	2	1.43	1	29	3	1
1	1	3.7	10	24	5	0
2	1	0.59	7	18	5	22
2	1	1.85	10	27	1	14
1	1	3.2	8	30	6	0
2	1	0.89	5	2	5	23
1	1	0.8	4	15	2	18
2	5	1.02	4	25	5	14
2	2	1.44	3	22	6	12
2	1	1.7	1	29	3	19
2	1	3.19	2	12	3	8
2	1	4.44	6	3	2	11
2	1	0.97	12	22	1	21
2	1	2.21	8	18	1	11
2	1	0.66	12	15	1	20
2	1	1.84	1	7	2	17
2	1	8.48	9	18	4	21
2	1	2.24	7	27	0	16
1	1	9.6	11	15	6	13
2	3	1.99	1	17	5	18
2	1	8.95	10	28	2	10
2	1	6.55	4	25	5	2
2	1	5.29	5	14	3	23
2	1	1.49	7	26	6	6
2	5	1.86	11	11	2	5
2	1	3.45	12	2	2	8
2	1	2.21	12	19	5	12
1	1	4.5	11	20	4	22
2	1	3.32	3	2	0	19
2	1	7.5	9	24	3	7
2	1	3.34	7	7	1	8
2	1	0.28	2	4	2	9
2	1	1.66	11	28	5	13
2	1	2.8	6	20	5	13
2	1	1.96	1	28	2	22
2	1	2.18	3	12	3	12
2	1	1.19	10	15	3	21
2	1	1.75	3	9	0	9
2	1	1.21	11	26	3	18
2	1	6.08	12	12	5	2
2	1	0.67	12	4	4	22
2	1	3.09	7	9	3	18
2	2	1.08	2	8	6	10
2	1	6.86	1	14	2	5
2	1	2.42	7	20	0	16
2	2	0.95	9	26	5	14
1	1	5.7	8	24	0	15
2	1	1	3	9	0	20
1	1	2.5	8	30	6	13
2	1	1.7	12	10	3	17
2	2	1.09	10	29	3	17
2	2	1.91	10	3	5	15
2	1	7.83	10	23	4	19
2	1	3.57	12	29	1	17
1	1	8	1	1	3	5
2	1	0.89	2	10	1	9
2	1	1.9	4	29	2	15
2	1	1.67	11	10	1	21
2	1	1.56	5	13	2	22
2	1	2.13	5	22	4	15
2	1	8.64	7	13	0	0
2	1	0.3	9	13	6	17
2	1	1.56	4	29	2	16
2	1	2.03	8	20	3	18
2	1	2.77	5	16	5	23
2	2	0.6	11	19	3	20
2	1	6.47	10	11	6	7
2	1	1	12	7	0	1
2	1	0.75	1	13	1	4
2	6	1.66	6	20	5	0
2	4	2.59	9	17	3	16
2	1	0.93	12	4	4	12
1	1	4.5	3	27	4	18
2	1	1.94	1	22	3	22
2	2	5.1	7	28	1	21
2	1	1.15	8	2	6	23
1	1	2.2	3	23	0	18
1	1	3.2	8	1	5	16
2	1	2.21	11	23	0	19
2	5	1.61	8	24	0	19
2	1	1.59	3	11	2	18
1	1	6.7	2	10	1	9
2	1	7.87	11	3	1	8
2	1	6.44	9	16	2	21
1	1	2	9	11	4	2
2	3	4.8	1	28	2	23
2	1	6.8	10	14	2	12
2	1	3.81	3	26	3	20
1	1	2.7	6	10	2	4
1	2	6.1	6	22	0	9
2	1	0.47	8	20	3	20
2	1	0.98	4	12	6	23
2	1	0.99	12	1	1	18
2	1	1.61	1	3	5	15
2	1	3.32	12	24	3	18
1	1	1.2	3	20	4	21
2	1	1.13	8	11	1	16
2	1	7.06	9	28	0	14
2	1	1.24	8	27	3	11
2	1	6.07	8	21	4	22
2	1	1.16	12	4	4	19
1	1	3.3	3	11	2	12
2	1	1.44	10	24	5	2
2	1	4.02	8	28	4	8
2	1	1.55	5	6	2	23
2	1	2.45	3	21	5	7
2	3	1.41	4	25	5	17
2	1	2.81	8	19	2	17
2	6	2.34	12	24	3	22
2	2	2.2	12	22	1	17
2	1	3.11	3	6	4	22
2	6	4.37	12	13	6	2
1	1	10.6	5	4	0	17
2	1	9.8	5	6	2	11
1	2	1	3	1	6	4
2	1	2.2	3	8	6	11
2	1	0.59	2	1	6	16
2	1	1.11	6	16	1	4
2	1	3.14	3	29	6	3
1	1	3.6	3	11	2	8
2	2	1.62	5	22	4	21
2	1	3.06	10	4	6	12
2	1	2.03	11	5	3	9
1	1	1.5	10	27	1	18
2	1	1.34	9	21	0	23
2	1	3.15	7	14	1	17
2	1	0.87	2	27	4	23
2	1	2.72	4	2	3	20
2	1	0.51	5	12	1	10
2	1	1.52	1	24	5	22
2	1	6.72	9	14	0	0
2	1	0.63	4	13	0	11
1	1	2.4	5	19	1	15
2	1	1.17	9	9	2	19
1	2	1.4	10	15	3	17
1	1	1	7	17	4	10
2	1	1.49	5	5	1	17
2	1	2.23	2	15	6	21
1	1	3.9	4	20	0	10
2	1	2.04	12	10	3	9
2	1	3.9	1	29	3	22
1	3	3.3	9	3	3	18
2	1	1.79	8	17	0	20
2	1	0.74	6	23	1	11
2	1	3.82	8	14	4	0
2	1	0.98	9	7	0	17
2	1	2.13	7	4	5	4
2	1	3.46	5	17	6	3
1	1	3.3	9	17	3	9
2	1	13.48	8	27	3	22
2	2	0.66	6	17	2	16
1	1	13	12	15	1	15
2	1	0.72	8	13	3	9
2	1	4.2	9	22	1	18
1	1	4.2	2	24	1	9
2	1	3.63	2	23	0	5
2	1	3.31	2	11	2	16
2	1	0.76	4	4	5	21
2	6	7.36	5	21	3	21
2	1	2.39	6	17	2	17
2	1	4.88	12	4	4	21
2	1	0.53	7	29	2	1
2	6	16.59	9	20	6	16
2	1	5.06	9	13	6	3
1	2	0.9	3	8	6	13
2	1	2.33	11	21	5	17
1	1	2.3	3	7	5	22
2	1	1.03	7	11	5	9
2	1	3.13	6	21	6	22
2	1	2.86	2	1	6	17
2	5	3.7	7	11	5	15
2	1	3.86	5	16	5	14
2	5	2.44	11	3	1	17
2	1	1.49	10	28	2	23
2	1	0.9	3	12	3	18
1	2	9.4	9	13	6	0
2	6	0.92	1	2	4	8
2	1	5.89	11	4	2	22
2	1	0.81	2	20	4	16
2	1	1.22	11	18	2	10
2	1	1.32	5	10	6	17
2	2	4.92	11	21	5	21
2	1	0.71	8	28	4	19
1	1	3.4	12	17	3	16
2	1	4.81	7	19	6	0
2	1	4.46	6	17	2	21
2	1	7.48	12	8	1	15
2	1	4.99	4	19	6	14
1	2	5.7	8	2	6	3
2	1	0.71	12	1	1	21
1	2	1.9	12	13	6	12
2	4	2.23	1	11	6	1
2	1	2.49	9	16	2	10
2	1	1.06	11	21	5	10
2	1	4.05	12	12	5	22
1	1	2.4	8	17	0	10
2	2	2.91	4	17	4	22
2	1	2.24	12	23	2	13
2	1	0.7	4	6	0	16
1	2	2	3	20	4	15
1	1	1.9	10	3	5	5
2	2	1.55	1	16	4	21
2	1	7.05	3	27	4	5
2	1	2.36	3	21	5	7
2	3	2.36	6	9	1	22
2	1	1.45	5	8	4	19
1	2	3.1	11	13	4	22
2	6	0.82	9	10	3	19
2	1	0.95	5	10	6	0
1	1	2.1	6	14	6	13
2	1	1.66	8	30	6	18
2	1	1.22	11	8	6	15
2	2	0.67	1	25	6	0
1	1	0.7	5	19	1	18
2	1	1.95	2	21	5	0
1	1	11.2	5	30	5	10
2	5	1.4	11	15	6	4
1	1	1.3	8	29	5	3
2	1	7.91	11	15	6	1
2	1	1.59	9	27	6	5
1	1	1.2	6	23	1	13
2	1	1.61	12	13	6	16
2	1	1.91	7	22	2	19
2	6	7.98	10	17	5	4
1	1	2.5	3	4	2	13
2	1	0.44	9	8	1	14
1	1	1.9	6	26	4	17
2	1	6.04	1	19	0	21
2	1	4.15	5	10	6	23
2	3	0.93	11	12	3	7
2	1	1.21	8	27	3	15
1	1	4.3	9	20	6	9
2	1	1.63	11	28	5	19
2	1	1.2	7	16	3	21
2	1	0.58	12	25	4	12
2	2	8.73	2	15	6	9
2	1	1.52	8	21	4	20
2	1	1.38	8	2	6	3
2	1	0.59	8	17	0	16
2	1	1.75	4	14	1	14
1	1	0.6	1	24	5	16
2	1	3.22	12	4	4	1
1	1	3.2	1	14	2	8
2	2	2.75	6	20	5	20
2	1	3.85	8	10	0	9
2	1	0.84	11	12	3	22
2	6	3.29	8	27	3	13
1	1	0.5	10	9	4	19
2	1	0.58	8	1	5	5
2	1	2.36	9	9	2	18
2	5	1.54	4	13	0	15
2	1	5.52	12	27	6	3
2	1	0.78	1	8	3	3
1	1	0.7	2	24	1	20
1	1	3	8	10	0	18
2	1	1.6	10	8	3	12
1	1	2.3	2	9	0	11
2	1	1.07	5	2	5	14
2	1	3.84	7	16	3	18
2	1	2.72	5	3	6	0
2	6	2.01	3	20	4	22
2	1	4.82	10	17	5	2
2	5	8.07	12	17	3	2
2	1	1.98	8	8	5	23
2	1	4.62	2	14	5	3
2	1	1.62	12	23	2	22
2	1	0.87	3	10	1	9
2	1	3.51	1	26	0	1
2	5	1.16	10	2	4	19
2	2	0.91	11	25	2	1
2	1	0.67	5	21	3	17
2	1	0.9	5	13	2	8
2	2	1.93	4	10	4	6
2	1	0.88	9	4	4	17
2	1	4.04	3	25	2	19
2	1	0.5	5	29	4	20
2	1	3.04	5	30	5	0
2	1	2.47	9	6	6	21
2	1	0.61	11	6	4	23
2	1	0.98	12	12	5	21
2	1	2.85	4	19	6	16
1	1	3.6	9	9	2	9
2	1	1.15	11	13	4	14
2	1	1.53	10	10	5	2
2	1	0.29	5	9	5	1
2	1	5.31	12	20	6	6
2	3	12.49	2	20	4	18
2	1	2.38	5	4	0	11
2	1	10.63	5	6	2	11
2	1	1.97	12	20	6	17
2	1	1.84	8	1	5	19
2	1	0.75	6	6	5	13
2	1	0.84	4	19	6	2
2	5	1.8	1	18	6	2
1	1	4.8	5	3	6	22
2	2	1.77	3	16	0	12
1	1	0.7	3	10	1	19
1	1	1.2	9	19	5	13
2	1	4.7	4	22	2	10
1	1	0.6	2	8	6	0
2	1	3.59	8	28	4	21
2	1	2.4	1	30	4	18
1	1	1.8	2	5	3	8
2	1	2.44	8	18	1	19
2	1	4.05	3	29	6	23
2	6	10	4	19	6	13
2	1	4.28	10	23	4	18
1	1	1.7	12	18	4	23
2	1	7.43	5	9	5	18
1	1	0.9	11	1	6	1
1	2	0.8	8	19	2	22
2	1	1.11	11	17	1	17
1	3	12.3	9	13	6	13
2	1	4.91	1	24	5	23
1	1	1.9	4	29	2	14
2	1	1.27	7	20	0	7
1	1	1.7	4	26	6	20
1	1	6	4	21	1	10
2	1	1.63	11	8	6	11
2	1	2.65	4	23	3	20
2	2	1.06	9	16	2	8
2	1	1.6	1	11	6	9
1	1	1.3	10	30	4	20
2	1	12.22	2	18	2	1
1	1	3.8	6	17	2	10
2	2	0.64	6	25	3	18
2	1	2.53	6	11	3	2
1	2	1.1	3	7	5	14
2	1	1.13	10	15	3	16
2	1	2.54	7	22	2	10
1	2	4.4	7	7	1	15
2	1	2.93	2	6	4	13
1	1	11.3	5	10	6	22
2	1	1.34	2	1	6	13
2	1	2.1	12	24	3	15
2	1	2.39	4	18	5	3
2	1	1.68	5	8	4	0
2	1	0.54	3	10	1	11
1	1	3.5	4	8	2	21
2	1	21.65	12	23	2	16
2	5	0.86	8	8	5	13
2	1	0.62	1	20	1	19
1	1	0.6	8	18	1	19
2	1	3	1	6	1	2
2	1	5.73	3	21	5	19
2	1	6.2	1	19	0	9
2	1	7.47	10	4	6	2
2	3	1.79	7	18	5	17
2	1	1.11	2	19	3	20
2	6	1.02	2	15	6	18
2	6	0.72	10	10	5	0
2	1	0.97	2	16	0	20
2	1	2.64	12	2	2	12
2	1	1.4	7	12	6	18
2	1	7.86	5	3	6	16
1	1	1.6	9	19	5	12
2	3	1.57	9	4	4	20
1	1	0.5	7	15	2	4
2	1	2.16	10	6	1	17
2	2	4.55	7	3	4	7
2	1	7.42	6	11	3	9
2	1	1.68	4	4	5	0
2	1	0.72	11	8	6	9
2	5	10.89	12	12	5	22
2	2	0.77	6	15	0	16
2	1	2.7	6	9	1	23
1	1	0.6	4	8	2	8
2	1	6.12	3	6	4	3
1	1	14.3	10	3	5	11
2	1	1.03	2	21	5	17
2	1	2.87	10	15	3	15
2	1	7.2	1	4	6	23
1	2	0.5	10	30	4	16
2	1	0.8	1	7	2	13
2	1	2.25	7	2	3	17
2	1	0.95	11	6	4	23
2	1	6.8	9	7	0	3
2	1	2.2	12	20	6	5
2	1	0.71	3	20	4	18
1	1	1.3	6	13	5	14
2	1	3.66	1	22	3	5
2	1	1.26	12	13	6	13
2	1	2.47	8	14	4	23
2	1	4.3	10	25	6	6
2	1	2.78	4	4	5	1
2	1	1.48	10	7	2	16
2	1	6.11	6	13	5	0
2	1	4.86	3	18	2	17
1	2	0.8	7	30	3	12
1	1	5	12	4	4	23
2	1	0.76	7	22	2	21
2	1	0.35	8	16	6	9
2	1	3.33	10	25	6	22
2	1	1.42	8	29	5	17
2	1	1.27	10	2	4	8
2	1	1.33	1	28	2	18
1	1	3.7	2	20	4	22
2	1	1.66	1	18	6	13
1	1	1.5	6	21	6	17
2	2	1.4	8	17	0	4
1	1	6.4	5	25	0	13
1	1	1.2	2	27	4	18
2	5	13.45	9	20	6	12
2	1	1.64	10	28	2	13
1	1	2.7	10	17	5	3
2	1	6.26	5	25	0	20
2	1	3.36	4	4	5	3
2	1	1.35	2	8	6	17
2	1	1.66	7	16	3	1
2	1	0.66	7	7	1	13
2	1	2.26	1	30	4	12
1	1	5.7	4	7	1	13
2	5	3.26	3	29	6	20
2	1	2.52	11	5	3	21
2	1	1.88	7	12	6	15
1	1	3.9	8	7	4	7
2	1	5.81	8	7	4	23
2	1	2.96	4	13	0	18
2	1	8.21	9	6	6	5
1	1	1.4	5	21	3	2
2	1	1.94	7	18	5	19
2	1	6.68	7	11	5	8
2	1	6.02	12	19	5	20
2	1	6.76	7	26	6	7
2	1	1.31	2	22	6	17
2	2	0.73	12	21	0	18
2	2	0.83	8	14	4	8
2	1	3.13	8	26	2	20
1	1	1	12	9	2	8
2	1	1.32	7	11	5	23
2	1	4.38	7	26	6	12
1	1	1.4	1	15	3	14
2	1	2.71	10	4	6	1
2	1	3.34	1	19	0	23
2	1	2.73	12	17	3	22
2	6	0.65	9	19	5	2
2	1	2.22	2	21	5	0
2	1	0.93	8	16	6	18
2	1	1.48	8	17	0	16
2	1	1.86	5	1	4	12
2	1	2.26	2	11	2	17
2	1	2.05	6	10	2	21
2	5	0.49	9	12	5	20
2	1	1.31	2	7	5	0
1	1	1.6	3	13	4	10
2	5	0.93	1	18	6	18
2	1	3.12	8	18	1	18
2	1	2.07	9	11	4	16
2	5	3.68	4	18	5	0
2	1	1.7	9	16	2	11
2	1	0.8	2	3	1	19
2	5	1.51	5	27	2	14
1	1	1.3	12	18	4	19
2	1	3.86	7	15	2	12
2	1	5.74	10	4	6	21
2	1	4.07	8	23	6	2
2	1	0.76	11	26	3	18
2	1	1.54	2	27	4	20
2	1	0.43	11	12	3	7
1	1	1.5	10	18	6	7
2	1	8.32	5	16	5	2
1	1	19.4	4	17	4	10
2	1	0.9	7	27	0	15
2	1	4.4	8	21	4	23
2	1	1.54	3	5	3	8
2	1	3.93	3	13	4	1
2	1	0.6	2	20	4	21
1	1	6	7	10	4	15
2	1	0.92	5	27	2	20
2	1	1.15	12	4	4	10
2	1	5.99	10	25	6	11
2	1	1.01	5	20	2	8
2	1	2.12	11	5	3	9
2	1	0.44	5	6	2	10
2	1	1.73	12	12	5	9
2	1	5.86	7	23	3	23
2	1	4.38	4	26	6	12
2	1	1.22	1	16	4	20
2	1	1.9	12	15	1	17
2	1	13.18	4	11	5	15
2	1	14.42	7	19	6	3
2	1	8.08	8	14	4	11
2	1	2.17	5	23	5	2
2	1	8.35	4	26	6	12
2	1	3.14	7	25	5	20
2	1	13.96	3	9	0	7
2	1	2.93	12	20	6	21
2	1	0.81	2	15	6	19
2	1	1.95	7	30	3	2
1	1	2.3	10	27	1	4
2	1	5.8	9	9	2	23
2	1	1.33	8	28	4	23
2	1	1.18	6	14	6	1
2	5	1.7	2	12	3	15
2	1	2.71	8	22	5	4
2	1	11.98	10	30	4	12
1	1	1.5	11	18	2	21
2	1	3.43	5	27	2	19
2	1	9.4	7	6	0	6
2	1	3.13	6	2	1	10
2	1	5.05	12	6	6	18
2	1	4.31	2	13	4	21
2	1	1.95	1	10	5	21
2	1	4.97	11	13	4	8
2	1	3.49	6	17	2	23
1	1	1.2	11	5	3	19
2	1	20.58	11	25	2	13
2	1	1.1	7	15	2	14
2	2	0.65	6	6	5	13
1	1	11.3	9	3	3	17
2	1	3.41	10	8	3	19
2	1	1.49	3	15	6	20
2	1	1.78	1	8	3	2
2	1	1.27	7	28	1	10
1	1	1.9	8	10	0	13
2	1	6.55	3	4	2	12
2	1	14.8	4	25	5	20
2	1	5.45	7	14	1	5
2	2	0.49	6	7	6	23
2	1	0.71	2	18	2	11
2	3	7.08	7	4	5	15
1	2	3.7	7	11	5	16
2	1	1.44	10	4	6	0
2	1	0.78	9	26	5	22
2	4	7.91	2	8	6	5
2	1	0.93	11	25	2	22
2	1	2.38	11	11	2	23
2	1	1.01	4	24	4	20
2	1	1.51	5	29	4	21
2	2	3.09	11	14	5	3
2	5	1.08	8	28	4	20
2	1	1.17	2	5	3	18
2	1	0.83	10	9	4	18
2	1	9.92	2	21	5	16
2	1	7.46	12	26	5	16
2	1	3	2	26	3	19
2	5	1	8	11	1	10
1	1	2.8	6	10	2	20
2	1	5.05	12	22	1	15
1	1	1.1	5	30	5	23
1	4	0.7	3	27	4	3
2	1	0.81	1	8	3	18
1	1	2.4	8	3	0	9
2	1	0.84	9	19	5	1
2	1	0.68	5	3	6	18
2	1	4.55	10	24	5	15
2	1	1.45	9	28	0	7
2	1	5	5	13	2	11
2	1	0.41	6	7	6	2
2	1	3.95	6	24	2	10
1	1	0.7	1	13	1	23
2	2	1.18	1	28	2	21
2	1	6.5	6	21	6	1
2	5	4.86	5	30	5	20
2	1	12.16	6	5	4	22
2	1	2.25	12	24	3	15
2	1	2.12	12	26	5	21
2	1	0.97	2	17	1	10
2	1	1.84	7	17	4	18
2	1	0.89	9	22	1	17
2	1	4.02	2	10	1	6
1	1	3	9	2	2	20
2	1	2.2	11	4	2	20
2	1	3.2	1	1	3	12
1	1	6.5	4	8	2	22
2	5	2.69	10	23	4	4
2	1	1.18	8	14	4	19
2	1	8.6	1	7	2	8
2	1	3.09	6	1	0	19
2	1	1.95	7	23	3	23
2	1	2.15	12	12	5	22
1	3	3.9	12	21	0	22
2	1	2.1	3	18	2	0
1	1	5.5	10	17	5	17
2	1	3.01	12	17	3	4
2	6	8.68	9	11	4	22
1	1	1.4	11	5	3	17
2	5	1.62	8	29	5	2
1	1	0.9	11	19	3	17
2	1	1.7	11	22	6	1
1	1	4	3	21	5	22
2	2	1.11	5	29	4	4
2	1	1.44	7	24	4	0
2	1	13.81	8	14	4	16
1	1	0.9	1	7	2	12
2	1	2.03	3	21	5	0
2	1	6.62	8	9	6	9
2	1	2.86	2	23	0	6
2	2	2.04	1	20	1	20
2	1	5.1	11	23	0	19
2	1	5.99	1	15	3	17
2	1	1.27	1	29	3	23
2	2	2.75	3	27	4	18
1	1	3.1	3	2	0	18
2	1	2.53	4	5	6	12
2	1	4.14	12	30	2	19
2	3	7.29	8	2	6	21
2	1	2.99	7	17	4	15
2	1	0.62	9	16	2	17
2	1	3.41	11	16	0	19
2	1	6.01	3	8	6	21
2	1	1.13	11	10	1	12
1	1	9.6	2	25	2	13
2	5	3.31	2	11	2	21
2	1	2.7	5	19	1	15
2	1	8.65	11	21	5	6
2	1	5.54	1	24	5	2
2	1	0.92	7	4	5	4
2	1	4.41	3	12	3	2
1	1	2.6	2	13	4	0
2	1	3.09	2	14	5	17
1	1	14.5	9	16	2	22
2	1	17.2	4	23	3	7
2	1	1.11	10	20	1	17
2	1	0.57	9	18	4	0
2	1	8.12	9	23	2	15
2	1	1.24	10	16	4	22
2	6	0.37	11	14	5	18
2	1	3.62	4	11	5	2
1	1	1.8	12	23	2	14
2	2	1.46	2	17	1	20
2	1	9.65	9	18	4	15
2	1	3.61	7	29	2	17
2	1	2.97	3	23	0	18
2	2	0.92	3	11	2	22
2	1	7.56	5	1	4	19
2	3	0.97	7	16	3	21
2	1	1.8	9	18	4	15
2	1	2.45	2	5	3	20
2	1	6.18	9	12	5	6
2	1	1.44	2	5	3	15
1	2	3.3	10	23	4	0
2	1	2.47	1	1	3	22
2	1	1.44	5	28	3	18
2	1	3.53	12	5	5	5
2	1	0.91	12	22	1	10
2	1	3.28	7	20	0	20
1	1	4	4	10	4	17
2	5	7.52	3	10	1	21
2	1	3.04	9	28	0	19
2	1	4.52	11	13	4	23
2	1	1.52	2	16	0	18
2	1	3.69	9	1	1	15
2	6	3.43	5	24	6	15
2	5	1.2	5	19	1	15
2	1	4.88	10	16	4	23
1	1	7	6	21	6	4
2	1	3.9	12	30	2	0
2	1	4.55	9	21	0	20
2	1	1.58	3	15	6	15
2	1	7.82	11	22	6	20
2	1	8.18	2	8	6	19
2	1	0.79	6	6	5	17
2	1	0.69	9	3	3	18
1	1	7.6	10	14	2	11
2	1	7.32	8	7	4	3
2	1	1.03	5	30	5	1
2	3	1.51	12	11	4	10
2	1	1.23	1	15	3	20
2	2	3.41	8	9	6	22
2	1	1.23	11	12	3	16
2	1	3.89	3	2	0	8
2	1	1.59	10	16	4	17
2	1	2.31	8	18	1	19
2	1	0.7	2	3	1	23
2	1	0.84	4	8	2	19
2	1	1.02	8	22	5	21
2	1	1.24	1	25	6	8
2	1	1.38	9	12	5	22
2	1	4.41	3	18	2	3
2	1	1.49	10	4	6	4
1	1	5.7	10	2	4	19
2	1	0.56	7	22	2	18
2	1	3.25	5	26	1	16
2	1	2.8	10	4	6	21
1	1	2	10	15	3	9
2	2	1.98	6	1	0	17
2	1	1.51	7	1	2	18
2	1	4.13	9	1	1	17
2	1	11.41	4	29	2	13
1	1	1.2	5	14	3	22
2	5	6.11	2	15	6	9
1	2	1.3	1	25	6	1
2	3	2.33	6	18	3	17
1	1	2.9	2	20	4	21
1	1	5.7	9	17	3	11
2	1	7.46	7	24	4	6
2	1	5.35	12	24	3	1
2	1	7.01	5	10	6	16
2	1	2.62	11	27	4	11
2	1	0.46	5	20	2	14
2	1	0.54	11	25	2	18
1	1	0.8	12	14	0	17
2	5	5.28	6	7	6	18
2	5	1.74	6	14	6	12
2	2	1.12	7	26	6	0
2	1	0.89	5	15	4	13
2	5	1.33	3	17	1	13
2	5	1.46	5	23	5	8
2	1	1.25	9	3	3	19
2	1	1.43	7	4	5	23
2	1	1.52	9	18	4	18
2	1	2.37	11	9	0	11
2	1	6.61	8	18	1	22
2	1	7.19	8	19	2	18
2	1	0.98	4	6	0	10
1	1	1	7	12	6	19
2	1	4.13	4	24	4	12
2	1	2.6	2	1	6	4
2	1	3.83	5	2	5	18
1	1	1.2	6	12	4	9
2	5	0.75	8	12	2	18
2	1	3.65	2	6	4	20
1	1	1	2	11	2	15
2	1	1.45	1	23	4	13
1	1	1.3	9	10	3	12
2	1	8.69	10	18	6	3
2	1	1.68	11	29	6	20
2	1	3.54	9	7	0	15
2	1	3.58	9	13	6	1
2	5	4.61	9	9	2	15
2	1	1.52	6	2	1	6
2	1	1.14	1	26	0	15
2	1	2.61	5	6	2	0
2	1	5.7	5	5	1	13
2	1	0.72	8	25	1	19
2	1	0.86	12	18	4	16
2	2	2.03	3	22	6	13
2	1	4.83	4	2	3	15
2	1	1.79	9	4	4	19
2	1	3.46	12	26	5	17
2	1	1.57	10	4	6	1
2	2	3.33	1	15	3	11
2	1	1.08	4	6	0	17
2	5	2.47	8	17	0	9
2	1	4.19	6	12	4	8
2	1	2.57	3	17	1	12
2	1	0.75	11	17	1	17
1	1	0.5	2	16	0	17
1	1	1.4	12	8	1	22
2	1	1.31	4	7	1	21
2	1	5.75	3	28	5	17
2	1	1.77	9	8	1	12
2	5	2.52	12	24	3	15
1	1	0.8	7	10	4	1
1	1	1.9	9	16	2	16
1	1	2.3	3	22	6	0
2	2	1.2	1	29	3	23
2	1	5.72	10	28	2	9
2	1	4.1	1	12	0	19
2	1	0.88	11	9	0	9
2	1	0.88	1	10	5	19
2	5	0.97	9	16	2	17
2	1	2.15	2	3	1	17
2	1	1.71	5	16	5	23
2	1	6.29	9	17	3	14
1	2	1.8	12	26	5	1
2	1	8.15	3	28	5	20
2	1	1.54	6	5	4	10
2	1	1.83	3	12	3	19
2	1	1.33	11	29	6	22
1	1	3.7	9	11	4	10
2	1	0.64	7	25	5	9
2	1	1.89	12	10	3	19
2	1	7.26	3	6	4	16
2	1	2.69	4	18	5	18
2	1	1.26	1	23	4	18
2	5	3.52	8	26	2	23
2	1	1.53	1	2	4	15
2	1	2.75	11	14	5	19
1	1	3.1	3	20	4	1
2	2	0.99	2	19	3	21
2	1	5.79	9	23	2	11
1	2	1	2	1	6	20
2	1	6.37	8	21	4	19
2	1	2	7	3	4	3
2	1	0.93	6	9	1	15
1	2	5.7	4	24	4	21
2	2	1.38	9	13	6	17
2	3	1.3	1	6	1	9
2	1	4.7	4	4	5	1
2	1	13.53	3	7	5	5
2	1	18.7	8	3	0	16
1	4	0.9	6	10	2	16
2	5	1.11	6	26	4	19
2	1	0.9	12	27	6	14
2	1	9.47	8	20	3	0
2	1	0.77	10	30	4	23
2	5	1.33	12	19	5	16
2	1	3.64	5	11	0	7
2	1	5.63	10	26	0	19
2	1	3.21	9	9	2	15
1	1	0.6	2	1	6	4
2	1	0.88	3	22	6	4
2	1	1.48	8	10	0	20
2	1	0.28	1	9	4	21
1	1	3.7	7	23	3	15
2	1	3	2	26	3	6
1	1	11.1	10	16	4	13
1	2	11	4	10	4	0
1	1	4.8	9	25	4	18
2	1	1.86	10	17	5	18
2	1	1.35	2	17	1	17
2	1	6.73	11	21	5	20
2	2	2.97	3	14	5	16
1	2	0.8	8	1	5	10
2	1	1.25	11	8	6	23
2	1	3.58	3	12	3	22
1	1	1	5	1	4	17
2	1	1.06	6	4	3	8
1	1	0.9	8	9	6	9
1	1	1.8	6	13	5	9
2	1	1.03	8	20	3	23
1	1	1.1	12	21	0	17
2	1	2.07	3	1	6	13
2	1	2.54	9	20	6	0
2	1	1.27	8	2	6	13
2	1	1.73	1	12	0	15
2	1	0.89	12	5	5	22
2	6	0.72	2	7	5	18
2	1	0.82	12	27	6	3
1	2	1.1	8	22	5	10
2	1	0.72	1	24	5	10
2	1	3.9	6	26	4	14
2	1	8.16	7	8	2	16
2	1	8.99	10	19	0	10
2	1	2.77	3	27	4	20
2	1	0.76	9	7	0	23
2	1	0.71	4	11	5	0
1	1	4.9	5	23	5	22
2	1	3.77	2	20	4	20
2	3	1.92	5	23	5	15
2	1	1.45	3	15	6	19
2	5	8.5	6	23	1	7
1	1	0.6	3	10	1	12
2	1	8.63	12	13	6	21
2	1	1.29	5	14	3	23
2	1	0.69	4	9	3	22
2	1	0.71	8	10	0	17
2	1	2.44	5	14	3	22
1	1	2.4	8	13	3	8
2	1	1.1	8	4	1	16
1	2	7.7	12	13	6	4
2	1	4.19	12	27	6	19
1	1	0.6	4	8	2	8
1	1	3.2	11	8	6	15
2	1	4.58	9	7	0	20
2	1	4.45	5	7	3	16
2	1	5.37	2	10	1	18
2	1	1.3	4	25	5	15
2	1	10.26	12	4	4	10
1	1	0.9	11	6	4	18
2	1	1.06	12	5	5	10
2	1	0.82	12	10	3	9
2	1	4.99	12	7	0	15
2	1	2.9	7	7	1	18
2	1	0.52	3	5	3	23
1	1	0.9	10	10	5	17
2	5	0.88	7	17	4	23
2	6	9.43	5	7	3	10
2	5	1.02	8	9	6	1
1	1	5.6	5	15	4	11
2	1	4.08	12	13	6	16
1	1	5.3	1	5	0	4
2	6	5.4	6	4	3	22
2	6	2.53	10	21	2	17
2	1	0.42	7	23	3	19
1	1	1.3	4	26	6	19
2	1	1.91	7	9	3	10
2	1	0.58	8	9	6	3
2	1	0.63	2	2	0	15
1	1	5.1	7	25	5	21
1	3	1.9	6	1	0	18
2	1	4.45	8	19	2	14
2	3	5.53	12	5	5	0
1	1	1.2	11	12	3	18
2	1	0.51	2	8	6	22
1	2	4.7	11	16	0	17
2	1	13.33	12	21	0	15
2	1	1.13	5	16	5	3
2	1	1.05	3	25	2	9
2	2	3.09	5	30	5	15
2	1	1.39	6	14	6	22
2	1	1.78	5	1	4	23
2	1	9.6	5	10	6	9
2	6	2.68	12	15	1	23
2	1	0.57	12	30	2	6
2	1	1.79	2	26	3	18
1	1	1	2	22	6	3
2	1	5.09	4	21	1	19
2	1	4.36	12	3	3	9
1	1	0.6	9	2	2	20
2	5	0.75	6	13	5	0
1	1	0.9	3	11	2	8
2	1	1.75	8	28	4	10
2	2	5.31	11	5	3	14
1	1	7.8	7	23	3	18
2	1	1.71	7	20	0	9
2	1	8.26	1	28	2	13
2	1	1.27	5	14	3	12
2	5	0.42	11	19	3	10
1	1	4.8	6	23	1	1
2	1	0.85	7	21	1	15
2	1	0.62	1	6	1	9
2	1	0.96	2	25	2	19
2	1	1.27	6	29	0	11
2	1	3.08	10	30	4	8
2	1	1.41	12	8	1	18
2	1	0.77	11	13	4	15
1	1	5.1	10	2	4	18
2	5	7.41	9	14	0	9
2	1	3.44	10	18	6	16
1	1	0.7	11	25	2	16
1	3	3.6	5	4	0	20
2	1	1.56	3	2	0	20
2	6	1.87	1	14	2	19
2	1	10.47	8	2	6	15
2	1	0.73	9	13	6	17
2	1	0.6	4	18	5	4
1	1	1.4	6	29	0	8
2	1	1.55	5	23	5	23
2	1	1.53	5	2	5	1
2	1	8.56	12	11	4	23
2	1	1.81	5	30	5	8
2	1	2.04	4	12	6	11
2	1	1.44	12	6	6	19
2	1	0.5	7	17	4	19
1	1	1.8	9	29	1	15
1	1	0.8	4	19	6	19
2	2	1.12	1	8	3	17
2	1	1.95	2	27	4	16
2	1	3.29	1	17	5	1
2	1	1.45	8	30	6	3
2	1	0.72	12	25	4	5
2	1	16.11	9	27	6	14
2	1	0.9	1	1	3	0
2	1	4.83	3	1	6	3
2	5	3.07	2	8	6	0
1	1	2.5	11	1	6	12
2	1	2.57	8	22	5	3
1	1	3.6	9	16	2	11
2	2	6.71	10	27	1	19
2	1	1.78	8	30	6	14
1	1	4.8	6	27	5	14
2	1	1.63	5	25	0	12
2	1	9.36	11	18	2	10
2	1	3.82	2	22	6	20
2	1	2.55	1	1	3	6
1	1	1.6	8	13	3	5
1	1	0.7	8	11	1	11
2	1	1.08	10	3	5	17
2	5	0.56	12	21	0	8
2	1	0.95	9	27	6	0
1	1	2.8	1	18	6	20
2	1	5	9	25	4	4
2	1	1.76	2	21	5	8
2	1	2.33	8	3	0	0
2	1	0.57	12	29	1	17
1	1	2.7	10	29	3	11
1	1	4.3	10	8	3	23
1	1	13.4	9	23	2	23
2	1	1.35	4	13	0	0
1	1	0.7	5	24	6	0
2	1	0.79	8	27	3	4
2	1	3.67	11	7	5	12
2	5	6.33	4	20	0	23
2	1	1.51	6	2	1	16
2	1	2.8	8	20	3	15
1	1	2	4	28	1	0
1	1	2.1	3	21	5	21
2	1	0.91	11	1	6	2
2	1	11.42	9	21	0	21
2	1	1.82	1	17	5	22
2	1	2.3	4	14	1	20
1	1	2	9	15	1	19
2	1	1.8	5	26	1	20
1	3	5.5	7	12	6	3
2	1	5.83	10	5	0	12
2	1	6.26	2	12	3	5
2	1	0.92	12	9	2	17
2	1	1.04	2	26	3	14
2	1	9	5	14	3	21
2	1	1.38	3	20	4	17
2	1	0.45	6	23	1	9
2	1	9.15	1	7	2	21
2	5	2.5	12	13	6	5
1	1	6.2	9	11	4	20
2	3	1.29	4	15	2	1
2	1	16.73	5	21	3	13
2	1	1.06	10	22	3	1
2	1	1.78	3	25	2	12
2	1	1.23	9	19	5	14
2	1	1.3	5	12	1	18
2	1	3.71	11	14	5	9
2	2	1.07	7	13	0	15
2	1	4.47	9	14	0	3
2	1	1.02	12	3	3	18
2	1	1.12	3	17	1	22
2	1	11.21	10	22	3	23
2	1	1.36	5	23	5	11
2	1	4.23	2	15	6	6
2	2	6.85	8	3	0	1
2	1	1.08	12	9	2	8
2	1	3.73	11	27	4	1
2	1	1.05	2	5	3	10
1	1	1.2	6	10	2	18
2	1	4.29	8	13	3	0
2	1	4.36	4	23	3	22
2	2	2.16	2	7	5	17
2	1	4.12	1	1	3	2
1	1	0.9	2	13	4	19
1	1	2.2	5	28	3	20
1	1	0.9	5	11	0	8
2	1	0.92	7	13	0	12
2	1	8.08	5	7	3	0
2	1	0.68	12	27	6	14
2	1	4.6	7	25	5	23
2	1	1.34	2	19	3	10
2	1	0.91	5	21	3	7
2	1	1.15	11	17	1	9
2	1	1.56	9	27	6	15
2	1	0.68	10	26	0	13
2	1	1.47	9	29	1	11
2	1	9.24	11	12	3	18
2	6	0.5	3	4	2	23
1	1	5.7	1	3	5	4
2	1	7.19	4	17	4	11
2	1	3.54	12	27	6	13
2	1	1.71	7	25	5	10
2	1	0.75	12	4	4	6
2	1	5.55	1	12	0	10
2	1	3.21	4	11	5	0
1	1	2.5	1	1	3	4
2	1	0.78	12	10	3	8
1	1	0.5	11	8	6	15
2	1	2.54	12	13	6	19
2	6	2.26	10	24	5	21
2	1	1.67	2	18	2	22
2	1	6.46	2	27	4	19
2	1	3.28	6	27	5	1
2	1	3.17	11	23	0	20
2	1	2.16	12	5	5	14
2	5	18.52	11	26	3	18
2	5	0.37	11	23	0	13
2	1	0.69	11	22	6	12
2	6	2.98	8	9	6	18
2	1	1.32	11	2	0	12
2	1	0.43	5	4	0	2
2	1	2.45	6	20	5	22
2	5	1.99	3	24	1	3
1	1	5.7	7	18	5	9
2	1	5.17	7	27	0	18
1	1	0.6	6	28	6	22
2	1	1.79	2	16	0	7
2	1	1.54	10	23	4	15
2	1	4.76	7	1	2	14
2	1	1.06	1	10	5	18
2	2	0.38	3	22	6	15
2	1	0.95	1	13	1	22
1	1	0.8	1	3	5	20
2	6	0.83	1	10	5	18
2	1	0.35	7	6	0	17
2	1	2.22	6	27	5	17
2	1	1.2	5	14	3	17
2	1	0.77	9	9	2	18
2	1	6.43	4	25	5	13
2	1	3.09	12	3	3	22
1	1	0.5	2	24	1	22
1	1	8.9	9	24	3	6
1	1	0.9	2	14	5	9
2	1	6.77	8	15	5	14
1	1	2.4	3	4	2	23
1	1	7.7	9	5	5	0
1	1	0.3	5	16	5	0
2	1	1.5	10	20	1	18
1	1	1.4	4	25	5	19
2	1	7.48	7	18	5	18
2	1	0.43	9	26	5	13
1	1	1.4	6	1	0	19
1	1	1.6	1	1	3	10
2	1	1.15	1	15	3	1
1	2	2.8	3	17	1	17
2	1	1.57	8	7	4	14
2	1	1.21	4	11	5	2
2	1	3.59	4	14	1	15
2	1	1.39	3	5	3	18
1	1	8.7	6	7	6	1
2	1	2.29	3	7	5	4
2	1	0.93	3	10	1	9
2	1	2.74	12	24	3	10
1	2	3.6	2	24	1	8
2	1	3.19	12	20	6	1
2	2	1.1	2	24	1	18
1	1	1.1	2	17	1	21
2	1	3.8	3	5	3	1
2	1	0.54	2	27	4	9
2	1	1.1	6	22	0	10
2	1	5.06	9	1	1	12
2	1	8.48	4	3	4	7
2	1	1.21	3	26	3	16
2	1	0.66	4	7	1	2
2	1	3.97	11	6	4	5
1	1	7.6	12	16	2	9
2	5	3.94	1	15	3	16
2	1	0.7	12	13	6	21
2	1	1.48	3	7	5	16
2	1	2.54	12	11	4	21
2	1	0.44	12	15	1	21
2	1	5.79	5	1	4	15
2	1	5.6	5	26	1	7
2	1	6.77	9	15	1	15
2	5	0.77	7	25	5	21
2	2	7.13	8	15	5	18
1	1	3.6	7	5	6	2
2	1	1.63	6	22	0	19
1	1	3.9	4	6	0	5
2	1	1.46	8	21	4	17
2	1	0.73	1	7	2	21
1	1	2.5	4	27	0	22
1	1	6.2	4	23	3	8
2	1	2.54	4	9	3	21
2	1	0.95	2	23	0	14
2	1	10.01	11	20	4	15
2	1	2.09	11	18	2	9
2	1	3.12	2	21	5	3
2	1	1.27	3	14	5	19
2	1	3.57	3	12	3	17
2	1	0.62	2	5	3	17
2	2	0.92	3	22	6	1
2	1	0.82	9	24	3	21
2	1	0.87	12	25	4	20
2	1	7.94	3	22	6	9
1	1	0.8	5	22	4	18
1	1	1.7	6	20	5	16
2	3	4.16	5	16	5	12
2	1	1.6	4	25	5	21
2	1	1.84	1	18	6	2
2	2	9.42	5	14	3	18
2	1	1.63	9	1	1	22
1	1	5	6	6	5	11
2	1	2.57	6	2	1	19
2	1	9.29	1	24	5	1
2	1	1.37	10	24	5	17
2	1	4.54	2	14	5	23
1	1	1.7	12	14	0	11
2	1	2.91	7	28	1	21
2	3	2.01	7	11	5	15
2	1	0.65	9	19	5	5
2	1	1.32	2	22	6	21
2	1	0.78	11	7	5	2
2	1	0.96	4	17	4	9
1	1	2.5	4	20	0	7
2	1	1.28	11	9	0	0
1	1	1.2	4	17	4	17
2	2	6.13	7	29	2	1
2	1	2.44	11	9	0	16
1	1	0.7	11	24	1	22
2	1	0.69	1	15	3	15
1	1	5	7	1	2	23
2	1	3.48	1	16	4	14
1	1	5.8	11	14	5	16
2	1	1.5	8	25	1	23
2	1	1.41	9	6	6	13
2	1	2.93	8	15	5	3
2	1	2.74	7	11	5	13
2	1	1.69	3	23	0	10
2	1	4.89	6	16	1	18
1	1	3.9	9	12	5	0
2	1	2.56	1	7	2	20
1	1	7.6	6	12	4	21
2	1	4.94	11	21	5	1
2	1	17.89	5	27	2	19
2	1	1.38	3	5	3	8
2	1	1.56	1	20	1	16
2	1	12.12	7	14	1	22
2	1	1.31	11	28	5	20
2	1	3.44	5	2	5	23
2	1	1.43	8	20	3	22
2	1	3.81	11	14	5	17
2	1	1.95	8	23	6	0
2	1	1.11	7	4	5	13
2	1	0.72	10	29	3	21
2	1	0.46	12	2	2	9
2	5	1.23	10	4	6	15
2	1	2.43	4	14	1	8
1	1	1.2	6	14	6	10
2	2	0.97	12	5	5	9
2	1	4.74	5	10	6	23
2	1	1.52	1	18	6	13
2	1	2.46	2	14	5	14
2	1	4.04	2	21	5	21
1	1	2.2	9	2	2	16
2	3	0.53	12	7	0	10
1	1	2.1	2	22	6	22
2	1	2.12	2	25	2	20
1	1	1.3	4	7	1	18
2	1	2.89	9	11	4	19
2	1	6.68	11	28	5	21
2	1	6.31	11	13	4	8
2	1	1.93	9	28	0	3
2	1	0.52	8	18	1	15
2	1	0.66	7	12	6	1
2	1	10.63	8	8	5	23
1	1	1.2	8	28	4	20
1	1	2.7	2	19	3	14
1	2	0.9	6	19	4	13
2	1	10.89	7	25	5	3
2	2	5.56	4	17	4	23
2	1	5.31	12	24	3	14
2	1	1.02	7	23	3	17
2	1	18.23	1	2	4	4
2	1	7.03	9	11	4	1
2	1	0.99	5	19	1	7
2	5	11.34	7	10	4	22
2	1	10.25	7	27	0	12
1	1	1.9	3	30	0	14
2	2	2.25	1	19	0	21
1	3	6.8	8	1	5	21
2	1	2.56	4	8	2	1
2	5	6.51	12	11	4	23
2	2	0.43	6	27	5	19
2	1	1.54	3	10	1	1
2	1	1.6	10	12	0	15
2	2	3.02	5	23	5	10
2	1	2.6	9	13	6	15
2	1	0.66	1	5	0	13
1	1	1.5	6	6	5	7
1	1	4.3	7	28	1	20
2	2	1.91	8	11	1	1
1	1	7.2	7	8	2	19
2	1	2.56	12	29	1	13
1	2	1	9	25	4	21
2	1	0.87	9	14	0	10
1	1	1	4	18	5	21
2	1	1.44	7	2	3	2
2	5	0.56	5	5	1	17
1	1	1.8	4	27	0	20
1	1	1.1	2	16	0	21
2	1	4.7	2	21	5	18
2	1	3.79	12	14	0	19
1	4	13.3	10	1	3	23
1	1	2.8	12	24	3	11
1	1	7.5	12	12	5	18
2	1	1.62	7	14	1	22
2	1	6.37	10	24	5	9
2	1	0.74	10	2	4	0
2	2	1.67	11	16	0	20
2	1	1.6	4	12	6	0
2	1	2.18	9	7	0	15
2	1	2.7	4	4	5	0
1	1	1.2	8	25	1	15
2	1	2.41	12	16	2	19
2	1	0.98	2	15	6	4
2	1	2.37	7	6	0	8
2	5	0.99	2	18	2	20
1	1	1.1	10	27	1	9
2	1	3.19	8	5	2	0
2	1	1.71	7	2	3	11
2	1	1.12	12	3	3	13
2	1	1.69	7	24	4	23
1	1	0.9	2	19	3	21
2	1	0.65	3	16	0	17
1	1	0.4	9	11	4	0
2	1	1.31	4	9	3	15
2	1	0.39	10	30	4	21
2	1	3.02	10	4	6	12
2	2	0.57	2	13	4	0
1	1	6.6	6	17	2	0
2	1	8.96	12	1	1	8
1	1	0.4	12	3	3	13
2	1	1.16	2	27	4	9
2	2	3.71	5	14	3	14
2	5	4.39	7	19	6	22
2	1	1.67	4	4	5	23
2	1	0.43	5	25	0	0
2	1	1.13	9	15	1	15
1	2	0.7	1	14	2	15
2	1	1.78	2	25	2	11
2	2	1.8	12	10	3	22
2	1	0.31	3	19	3	0
2	1	2.8	7	20	0	19
2	1	10.63	6	21	6	11
2	1	0.35	5	15	4	17
2	1	2.56	12	7	0	22
2	1	4.4	11	25	2	9
1	1	0.9	5	29	4	2
2	1	4.43	9	20	6	14
2	1	2.54	12	18	4	0
1	2	1.9	11	13	4	21
2	6	7.57	7	27	0	18
2	2	2.31	9	16	2	16
2	1	1.37	11	21	5	0
1	1	2.4	4	23	3	7
2	1	5.06	8	8	5	0
2	1	4.34	8	24	0	3
2	1	8.82	4	26	6	18
2	1	1.49	5	8	4	21
2	6	2.05	9	5	5	18
2	1	0.66	10	17	5	19
2	1	2.7	7	20	0	18
2	1	0.85	3	3	1	10
2	1	1.45	8	3	0	18
2	5	7.79	1	27	1	18
2	1	0.97	8	2	6	13
1	1	5.2	9	11	4	19
2	1	2.77	5	15	4	14
2	1	2.73	9	26	5	23
2	1	5.11	1	5	0	7
2	1	1.36	2	6	4	7
2	1	0.63	10	27	1	22
2	5	18.1	5	21	3	4
1	1	0.9	6	4	3	9
2	1	7.38	6	13	5	22
2	2	2.57	10	22	3	19
2	2	1.07	6	13	5	0
2	1	4.76	3	17	1	5
2	1	1.44	6	7	6	1
2	1	2.14	3	21	5	16
2	1	1.42	6	9	1	11
2	2	0.81	6	11	3	18
2	1	1.71	10	17	5	18
2	1	0.75	4	17	4	19
2	1	0.78	7	30	3	21
1	1	1.4	8	21	4	10
2	1	1.15	5	19	1	23
1	1	6.4	7	22	2	15
2	1	1	3	15	6	1
2	2	4.04	9	2	2	16
2	1	2.32	12	27	6	21
1	1	4	3	28	5	21
2	1	2.68	4	19	6	18
2	5	1.29	7	23	3	23
2	1	0.34	11	2	0	10
2	2	2.9	4	11	5	20
2	1	0.77	9	25	4	20
2	1	1.85	11	16	0	9
1	4	7.1	4	26	6	16
2	1	0.78	11	7	5	19
2	1	0.67	1	15	3	22
2	1	4.29	10	18	6	1
2	1	0.3	1	8	3	21
1	1	1.4	8	9	6	0
2	1	2.44	10	14	2	18
1	2	1	2	16	0	18
2	1	1.14	2	13	4	11
2	1	10.31	7	15	2	4
2	1	3.08	3	14	5	4
1	1	2.1	6	20	5	5
1	4	12.3	8	24	0	22
2	1	0.62	9	15	1	19
2	1	8.69	7	14	1	23
2	1	1.2	6	4	3	9
2	2	1.23	7	11	5	18
2	1	11.92	5	20	2	9
2	1	1.02	11	21	5	15
2	6	1.62	5	18	0	19
2	2	2.49	7	26	6	17
1	1	2	7	9	3	13
1	1	1.6	2	27	4	2
1	1	3.5	7	22	2	9
2	4	2.46	4	25	5	17
2	1	3.07	4	26	6	19
2	1	1.12	6	29	0	22
2	1	2.52	8	18	1	11
1	1	1.4	9	2	2	3
2	1	3.53	8	15	5	9
2	1	1.33	10	30	4	15
2	1	2.34	8	30	6	18
2	1	1.59	1	23	4	23
1	2	2	9	14	0	3
2	1	2.74	12	24	3	13
2	2	1.48	1	1	3	20
1	1	0.7	11	22	6	3
2	1	5.15	2	5	3	8
2	1	2.59	6	12	4	14
2	1	2.08	9	28	0	11
2	1	4.51	4	8	2	8
1	1	2.7	12	28	0	0
2	1	13.66	2	18	2	16
1	1	1.9	11	9	0	21
1	1	1.8	10	4	6	8
2	1	2.45	8	1	5	22
1	2	9.6	8	7	4	23
2	1	6.56	3	20	4	10
2	1	5.97	8	8	5	16
2	1	1.5	10	23	4	9
2	1	2.19	12	1	1	16
1	1	1.2	6	11	3	9
2	2	1.37	5	24	6	17
2	5	0.56	3	12	3	13
2	1	6.14	12	13	6	9
2	1	1.82	6	9	1	14
1	1	0.9	1	9	4	15
2	1	1.2	12	28	0	19
2	1	2.71	3	13	4	8
2	1	2.01	11	24	1	20
2	1	1.58	7	5	6	16
1	2	2.3	11	13	4	18
2	1	1.09	5	3	6	19
2	1	1.18	9	13	6	18
2	1	1.11	5	15	4	15
2	1	3.14	1	9	4	19
2	1	1.22	12	20	6	11
2	1	4.59	4	8	2	12
1	1	0.9	1	1	3	5
2	1	0.7	11	27	4	20
2	5	1.16	6	9	1	8
2	1	2.78	10	30	4	17
2	3	5.39	5	3	6	22
2	1	11.33	6	19	4	13
2	1	0.57	7	3	4	14
2	1	5.81	9	5	5	19
2	2	0.9	6	14	6	15
2	1	0.84	1	26	0	13
1	1	1	5	14	3	16
2	1	1.64	7	12	6	21
2	1	2.58	9	24	3	15
2	1	1.43	12	30	2	10
2	1	9.47	3	9	0	8
2	1	3.47	8	22	5	4
2	2	2.7	11	14	5	2
2	2	5.98	9	24	3	7
2	1	2.4	11	23	0	17
2	1	1.88	10	13	1	11
2	1	2.85	7	2	3	17
2	1	4.46	4	18	5	11
1	1	3.3	5	29	4	22
2	5	2.14	11	26	3	0
2	1	2.74	5	2	5	4
2	2	1	10	14	2	18
2	1	1.15	6	17	2	18
1	1	1.2	1	1	3	18
1	1	1.2	6	27	5	4
2	1	1.25	9	13	6	14
2	1	5.72	2	10	1	16
2	1	1.68	12	23	2	19
2	1	0.74	10	15	3	23
1	1	5.3	8	23	6	9
2	3	3.36	4	27	0	17
2	2	2.28	1	3	5	20
2	1	1.93	3	1	6	3
2	1	9.51	10	6	1	17
2	1	1	9	9	2	16
2	1	1.2	10	21	2	8
2	1	1.7	11	11	2	11
2	1	13.75	4	28	1	7
2	1	2.03	4	19	6	23
2	1	9.13	8	23	6	15
2	1	7.08	6	22	0	16
2	1	3.36	12	6	6	5
2	1	0.9	12	4	4	17
2	1	0.42	12	2	2	17
2	6	0.87	1	20	1	14
2	5	2.93	11	21	5	15
1	1	1.8	9	10	3	18
1	1	1.8	3	25	2	18
2	1	6.76	1	8	3	14
2	2	2.17	4	20	0	11
2	1	1.46	11	3	1	9
2	1	2.28	9	3	3	11
2	1	20.42	9	7	0	16
2	1	1.91	9	4	4	23
2	1	2.02	2	5	3	18
2	3	0.91	7	18	5	23
2	1	0.43	9	16	2	9
2	1	1.31	11	21	5	10
2	1	3.61	5	6	2	20
2	5	0.46	12	29	1	15
2	1	2.08	12	22	1	21
1	1	0.7	6	21	6	17
2	1	6.46	2	14	5	17
2	1	1.59	1	20	1	14
2	1	3.09	3	13	4	21
2	1	1.72	2	11	2	19
2	1	1.92	1	10	5	10
1	1	1	12	2	2	18
2	1	0.95	6	21	6	23
2	1	1.52	2	13	4	21
1	1	0.8	12	18	4	15
1	1	1.9	2	15	6	0
2	1	4.88	8	1	5	18
2	1	6.43	3	25	2	20
2	1	2.49	1	13	1	20
2	1	2.94	4	16	3	17
1	1	0.5	9	16	2	16
1	1	3.1	5	16	5	22
2	1	4.87	4	9	3	8
2	1	0.8	2	11	2	17
1	1	5.9	5	22	4	2
2	1	0.97	4	11	5	21
2	1	3.55	3	30	0	23
2	1	0.94	5	9	5	1
2	1	1.61	6	18	3	23
1	4	3.5	1	3	5	12
2	1	1.59	3	22	6	2
2	1	0.99	11	3	1	15
2	1	4.12	12	18	4	3
2	6	5.39	1	16	4	19
2	1	3.45	10	30	4	20
1	1	0.7	10	9	4	10
2	5	7.03	8	14	4	20
1	1	4.5	9	16	2	22
2	1	5.42	4	25	5	19
2	1	0.39	5	1	4	0
2	1	0.97	2	15	6	20
1	1	2.2	2	22	6	10
2	2	1.14	1	28	2	19
2	1	4.3	6	5	4	23
1	1	4.2	9	23	2	10
2	1	0.93	2	13	4	16
2	1	1.26	1	16	4	22
2	1	2.17	5	30	5	14
1	1	6.4	10	13	1	23
2	1	5.08	3	13	4	19
2	1	0.37	5	19	1	8
2	1	1.48	3	28	5	8
2	1	2.27	3	23	0	15
1	1	15.2	3	21	5	19
2	1	0.61	2	18	2	1
2	1	1.6	2	15	6	19
2	1	3.3	6	25	3	17
1	1	3.9	7	23	3	7
2	1	4.42	12	16	2	18
1	1	2.1	8	17	0	11
2	1	2.47	1	23	4	19
2	1	0.87	10	4	6	0
2	1	2.62	1	3	5	12
2	1	1.73	11	24	1	16
2	1	5.57	9	15	1	8
2	5	9.43	8	30	6	4
2	1	6.31	3	11	2	17
2	1	3.1	6	17	2	19
2	3	1.45	4	15	2	21
2	1	1.6	12	17	3	9
2	1	9.07	10	9	4	18
1	1	2.7	5	25	0	23
1	1	2.1	3	11	2	17
2	1	3.63	9	18	4	22
1	1	0.3	12	10	3	18
2	1	1.33	4	19	6	8
2	2	1.72	5	5	1	18
2	1	6.53	5	15	4	8
2	1	0.52	3	3	1	16
2	1	2.79	4	18	5	16
1	1	0.6	7	20	0	17
2	1	2.97	3	22	6	1
2	1	1.04	8	24	0	10
1	1	2.4	5	16	5	15
1	1	2.5	2	10	1	15
1	1	0.9	9	20	6	22
2	1	1.41	7	28	1	12
2	5	0.71	3	22	6	14
2	1	5.52	1	12	0	6
2	1	7.42	8	8	5	22
2	1	1.76	5	27	2	19
2	1	1.38	6	23	1	17
2	1	1.16	7	20	0	17
2	1	1.47	4	4	5	17
1	1	4	3	8	6	19
2	1	1.64	7	3	4	18
1	2	2.2	8	2	6	22
2	1	7.87	9	13	6	1
1	1	0.9	6	1	0	13
2	1	3.41	8	15	5	4
1	1	1.5	12	1	1	16
2	2	1.55	5	16	5	12
2	1	0.63	3	8	6	16
2	1	6.39	3	30	0	20
1	1	0.6	9	3	3	20
2	2	1.78	9	14	0	6
1	1	1.9	9	10	3	19
1	3	7.5	5	30	5	19
2	1	3.09	10	25	6	13
2	1	2.63	10	15	3	20
1	1	2.6	2	13	4	12
2	1	1.96	5	17	6	4
2	1	2.84	6	18	3	10
2	1	5.9	6	3	2	0
1	1	1.6	10	9	4	13
2	1	5.24	1	17	5	9
2	1	1.07	10	7	2	15
2	1	3.54	2	13	4	19
2	1	2.66	4	4	5	19
2	1	2.39	10	12	0	23
1	2	2.6	1	29	3	10
2	1	4.38	7	12	6	16
2	1	1.4	12	7	0	14
1	1	2.7	6	19	4	14
1	2	2.7	1	10	5	14
1	1	5.2	3	19	3	9
2	1	1.11	4	11	5	0
2	1	1.25	5	8	4	15
2	1	4.13	4	16	3	11
2	1	0.75	4	29	2	20
2	1	4.47	8	15	5	15
2	1	0.73	2	21	5	3
1	1	0.7	2	15	6	20
2	1	3.59	8	26	2	16
2	5	6.22	4	19	6	16
1	1	0.3	8	11	1	17
2	1	5.65	12	18	4	8
1	1	4.5	2	6	4	9
2	1	1.7	10	3	5	12
2	1	1.04	9	3	3	14
1	1	3.3	2	2	0	19
2	1	0.55	1	28	2	8
2	1	0.6	7	18	5	3
2	1	1.08	8	6	3	14
1	1	9.1	9	2	2	9
2	5	0.59	1	30	4	19
2	1	1.3	7	10	4	9
2	1	0.8	8	12	2	18
2	1	4.33	4	16	3	21
1	1	2.4	4	2	3	15
1	1	7.6	1	1	3	1
1	1	5.3	12	13	6	19
2	3	1.07	12	30	2	23
2	1	0.73	10	10	5	14
2	1	0.68	2	24	1	16
1	1	3.5	10	11	6	16
2	1	4.87	6	3	2	1
1	1	3.4	7	19	6	6
2	1	3.07	8	9	6	15
2	1	2.81	12	24	3	16
1	1	1.6	11	26	3	16
2	1	6.21	11	27	4	14
1	1	4.1	11	11	2	16
2	1	0.35	3	19	3	17
2	1	0.85	4	9	3	16
2	1	1.19	8	12	2	9
2	1	2.29	10	20	1	19
2	1	2.12	5	8	4	19
1	1	3.7	11	23	0	13
2	1	2.42	11	25	2	8
2	1	3.27	4	3	4	22
1	1	1.9	3	23	0	17
2	1	2.47	10	16	4	5
1	1	0.5	10	21	2	12
1	1	1.2	12	18	4	8
2	1	1.16	12	4	4	18
1	3	1.5	7	16	3	12
2	1	2.38	1	28	2	20
1	2	3.1	6	27	5	15
2	6	0.97	6	19	4	19
2	1	1.08	1	20	1	17
2	2	2.94	1	10	5	17
2	1	2.5	3	11	2	9
1	1	1.1	2	3	1	19
2	1	0.96	9	29	1	21
2	1	1.72	8	12	2	11
2	1	5	3	21	5	0
1	1	9.8	8	24	0	14
2	1	1.08	5	5	1	17
2	1	0.56	11	8	6	17
2	1	1.33	5	22	4	23
1	1	0.6	5	2	5	23
2	1	3.31	3	14	5	1
2	1	1.89	11	17	1	13
2	2	4.26	12	19	5	0
2	2	2.67	11	11	2	15
2	1	1.62	12	3	3	19
1	1	0.6	12	12	5	21
1	1	0.7	6	27	5	22
2	1	4.56	7	7	1	11
2	1	1.11	6	1	0	10
2	1	2.81	6	9	1	12
2	2	0.65	9	21	0	7
2	5	1.39	6	4	3	0
2	1	1.56	12	14	0	8
2	1	8.23	11	6	4	12
2	1	0.48	1	16	4	21
2	1	16.95	7	4	5	22
2	1	0.64	11	5	3	9
2	1	2.24	9	15	1	13
1	2	1.3	2	10	1	18
2	1	0.58	3	18	2	17
2	1	1.66	1	4	6	21
2	1	4.66	8	26	2	8
1	3	1.1	2	7	5	20
2	1	0.62	4	8	2	8
2	4	0.93	8	12	2	20
2	1	0.94	9	23	2	3
2	6	1.73	6	6	5	1
2	3	5.44	5	2	5	22
2	5	0.99	2	18	2	13
2	1	0.73	4	1	2	19
2	1	0.52	12	23	2	15
2	1	2.36	5	18	0	20
2	3	1.81	6	8	0	23
2	2	1.9	1	15	3	22
2	1	5.77	7	30	3	18
2	1	1.01	1	24	5	8
1	2	0.6	11	22	6	22
2	1	1.2	2	6	4	11
1	1	5.1	3	16	0	23
2	1	2.39	8	13	3	21
2	1	1.35	12	7	0	15
2	6	0.82	9	15	1	16
2	1	1.14	1	30	4	23
2	2	2.11	2	12	3	22
2	2	1.33	5	29	4	23
2	1	0.57	11	12	3	18
2	1	6.21	7	6	0	15
1	1	1.3	3	29	6	2
2	1	2.86	8	15	5	22
2	1	8.03	2	4	2	17
2	1	2.05	12	12	5	22
2	6	1.16	6	16	1	19
1	1	1.5	1	15	3	23
2	1	4.16	7	4	5	9
2	1	8.64	8	1	5	21
2	1	12.93	7	26	6	22
2	1	2.42	8	7	4	11
2	1	1.69	8	7	4	20
1	1	1.1	4	29	2	20
1	1	0.6	4	7	1	22
1	1	2.5	6	8	0	12
2	1	6.8	6	8	0	10
2	1	3.53	12	19	5	4
1	1	1.6	4	14	1	10
2	1	1.1	8	8	5	13
2	1	0.79	12	7	0	16
2	2	5.34	3	15	6	17
2	1	2.35	8	12	2	19
2	2	12.06	2	1	6	10
2	1	1.57	2	24	1	16
2	1	2.9	1	28	2	14
2	1	2.86	4	17	4	15
2	1	2.49	5	9	5	4
2	1	7.23	3	26	3	17
2	1	1.03	8	25	1	14
2	1	0.66	10	14	2	13
2	1	6.23	11	20	4	4
2	5	1.3	10	12	0	15
2	1	11.95	9	25	4	23
2	1	3.06	11	22	6	23
2	1	7.59	9	8	1	15
2	1	1.12	1	1	3	4
2	1	13.16	12	4	4	7
1	1	4.7	3	12	3	16
2	1	14.36	9	1	1	6
2	5	2.22	12	13	6	1
2	1	0.59	3	28	5	22
1	3	0.6	1	24	5	20
2	1	2.21	3	7	5	15
2	1	3.98	4	28	1	7
2	1	1.3	7	13	0	16
2	2	4.37	8	1	5	22
2	1	2.26	5	13	2	12
2	1	2.51	8	12	2	22
1	1	1.4	9	22	1	16
2	1	1.12	11	3	1	19
2	1	1.58	12	27	6	7
2	1	1.29	3	16	0	21
1	1	0.7	2	7	5	1
2	1	2.02	10	6	1	0
1	1	0.7	10	29	3	0
2	1	0.83	7	30	3	8
2	1	2.22	3	28	5	15
1	1	9.1	12	4	4	5
2	5	1.69	12	22	1	11
1	1	9.5	9	15	1	6
2	1	1.86	7	24	4	6
2	1	5.42	1	25	6	5
2	1	3.6	10	15	3	21
1	1	1.3	5	9	5	6
2	1	0.84	4	15	2	20
2	1	2.6	4	18	5	13
2	1	0.6	1	25	6	10
2	1	4.75	9	8	1	18
2	1	1.82	7	18	5	19
1	1	2.6	10	28	2	16
2	1	1.59	8	23	6	15
2	1	0.81	1	11	6	20
1	1	1.4	4	12	6	10
2	1	5.99	1	11	6	1
2	1	0.69	2	1	6	21
1	1	0.8	6	12	4	19
2	2	1.05	5	21	3	11
2	1	0.32	11	8	6	0
1	1	2.9	12	4	4	16
1	1	2	8	21	4	13
2	1	2.74	7	30	3	11
1	1	1.8	4	9	3	22
2	1	2.68	3	24	1	19
2	5	3.71	10	7	2	8
1	1	9	1	30	4	7
2	1	6.2	10	18	6	1
2	1	4.9	9	21	0	9
2	1	0.94	11	21	5	18
2	1	0.83	2	24	1	16
2	1	1.04	7	2	3	0
2	3	3.63	10	30	4	21
1	1	1.9	4	12	6	23
2	3	7.27	7	19	6	12
1	1	0.7	2	26	3	13
2	1	7.49	1	21	2	8
2	1	1.87	3	12	3	23
2	1	6.81	4	14	1	13
1	1	1.4	12	4	4	22
2	1	1.01	1	14	2	8
2	1	0.87	4	24	4	16
2	1	4.18	7	16	3	7
2	1	0.89	2	2	0	18
2	1	2.67	10	8	3	1
2	1	0.76	6	12	4	14
1	1	7.9	8	14	4	13
2	1	7.37	3	12	3	16
2	1	2.11	10	4	6	21
2	1	3.52	12	10	3	19
2	1	2.06	7	3	4	20
2	1	0.88	12	4	4	12
2	1	1.04	7	15	2	19
2	1	8.95	3	27	4	23
2	1	2.3	12	26	5	20
2	1	2.68	12	18	4	14
1	1	1.4	7	26	6	15
2	1	1.11	11	16	0	9
2	2	4.08	3	24	1	17
2	1	26.15	4	10	4	14
2	5	1.26	3	8	6	1
2	1	1.85	11	11	2	17
2	6	0.92	1	16	4	23
2	1	0.94	12	26	5	20
1	1	1.5	11	3	1	12
2	1	1.12	10	3	5	23
2	1	0.82	9	22	1	2
2	1	0.86	7	3	4	17
2	1	1.19	5	17	6	18
1	1	5.5	8	28	4	18
2	1	1.57	3	13	4	2
2	1	0.39	11	2	0	9
2	1	9.78	8	21	4	20
1	1	1.1	2	18	2	14
2	1	1.48	3	27	4	23
2	1	2.66	12	23	2	16
2	1	6.57	7	5	6	23
2	1	1.58	10	29	3	17
1	1	1.1	1	17	5	14
2	1	1.77	4	16	3	20
1	4	3.3	1	7	2	18
2	1	1.45	1	9	4	8
2	1	5.37	7	7	1	12
2	1	0.8	9	10	3	15
2	1	7.29	11	22	6	0
2	1	0.57	2	10	1	6
2	1	2.82	7	15	2	17
2	1	5.42	11	13	4	7
2	1	1.25	8	18	1	4
2	1	1.29	12	3	3	15
2	1	5.17	6	5	4	1
2	1	0.51	10	20	1	4
1	1	0.7	3	18	2	9
2	5	1.85	2	15	6	22
2	1	3.14	2	17	1	11
2	1	1.77	5	18	0	19
2	1	1.04	9	7	0	22
1	2	6.9	9	19	5	13
1	1	16.2	4	28	1	6
1	2	0.5	12	7	0	23
2	1	1.71	8	28	4	20
2	1	1.64	6	10	2	12
2	1	1.87	1	24	5	16
2	2	0.73	2	20	4	23
2	1	0.71	7	16	3	21
2	1	6.84	9	18	4	2
2	1	5.82	10	6	1	13
2	1	3.9	7	25	5	15
2	1	1.65	9	28	0	2
2	1	4.52	3	29	6	23
2	1	0.36	3	17	1	21
2	1	1.86	2	27	4	1
2	2	3.59	4	5	6	18
1	1	2.4	7	25	5	9
1	1	1.2	10	21	2	5
2	1	1.01	3	25	2	19
2	1	2.11	7	7	1	12
2	1	6.8	3	8	6	21
2	6	5.54	5	12	1	22
2	1	2.92	3	3	1	22
2	1	2.45	6	29	0	14
2	1	2.53	6	18	3	23
1	1	0.7	9	11	4	17
2	1	0.76	5	23	5	17
1	1	2	10	25	6	0
2	1	9.39	9	13	6	12
1	1	2.6	7	10	4	17
1	2	1.3	12	13	6	15
2	1	14.13	6	4	3	15
1	1	7.5	6	15	0	7
2	2	5.98	9	21	0	11
2	1	1.25	9	23	2	15
2	1	0.98	5	27	2	3
2	1	1	11	20	4	23
2	1	6.36	2	8	6	3
1	1	2.4	3	8	6	12
1	2	5.3	8	22	5	11
2	1	1.58	5	9	5	17
2	1	4.41	2	27	4	19
1	1	1.8	12	3	3	21
2	1	1.4	5	7	3	8
2	1	14.56	5	5	1	15
2	1	2.29	8	12	2	21
2	1	2.99	10	24	5	8
2	1	0.94	9	14	0	8
1	1	5.1	6	17	2	21
2	3	4.62	4	11	5	23
2	1	3.74	4	13	0	15
2	1	6.37	11	17	1	15
1	2	5.9	7	5	6	11
1	1	4.3	11	16	0	6
2	3	4.8	12	13	6	23
2	1	1.42	3	15	6	16
2	1	5.02	12	12	5	22
1	1	3.8	5	23	5	19
1	1	2	7	24	4	22
2	1	0.37	4	20	0	20
2	1	2.28	1	13	1	18
2	6	2.61	10	9	4	17
1	1	1	11	18	2	9
2	1	4.43	9	27	6	7
2	1	1.15	1	29	3	10
2	5	3.53	11	11	2	21
2	1	0.25	8	24	0	18
2	1	1.76	6	15	0	14
1	1	3.4	8	1	5	1
1	2	2	12	9	2	22
2	1	1.7	2	23	0	22
2	1	2.56	8	5	2	11
2	1	0.6	5	20	2	9
2	1	4.3	8	20	3	19
2	1	2.62	7	12	6	13
2	1	7.08	5	24	6	4
2	5	2.74	7	22	2	21
1	1	0.4	11	25	2	8
2	1	2.27	11	17	1	12
1	1	2.9	1	11	6	23
2	1	2.04	7	3	4	16
2	1	2.42	4	18	5	19
1	1	2.2	9	24	3	22
1	4	1.7	6	15	0	22
2	1	0.82	11	21	5	14
2	1	8.96	5	25	0	18
1	1	1.4	7	9	3	18
2	1	12.69	2	7	5	15
2	1	0.99	10	23	4	18
1	1	0.4	11	25	2	16
2	1	0.66	6	14	6	1
2	1	4.12	9	14	0	21
1	2	1.7	9	25	4	19
2	1	2.87	10	2	4	19
2	1	1.62	1	5	0	8
2	1	8.28	3	14	5	10
2	2	3.1	5	12	1	13
1	1	1.8	1	22	3	15
1	1	7.1	2	11	2	5
2	6	2.01	7	18	5	3
1	1	1.9	6	13	5	13
2	1	1.29	11	10	1	23
2	1	1.64	6	19	4	14
2	2	1.7	12	1	1	16
2	1	3.56	1	14	2	22
2	1	0.49	1	21	2	21
2	1	5.16	9	26	5	1
2	1	3.39	10	14	2	9
2	1	2.84	3	9	0	0
2	1	1.43	10	23	4	16
2	2	2.69	7	6	0	11
2	1	1.23	5	10	6	0
2	1	2.45	6	6	5	21
2	1	11.66	11	7	5	22
1	1	8.4	4	19	6	2
1	1	3.2	10	17	5	4
2	1	3.44	12	24	3	21
2	1	1.34	12	20	6	18
2	1	1.92	5	30	5	16
2	1	1.46	10	20	1	13
2	1	0.9	10	4	6	10
1	1	1.7	7	8	2	20
2	1	1.98	3	15	6	18
2	1	1.91	1	10	5	15
2	3	3.89	6	18	3	7
2	1	1.28	2	16	0	8
2	1	1.45	5	11	0	19
2	1	0.97	9	15	1	21
1	1	0.9	2	24	1	9
1	1	0.6	2	13	4	11
1	1	2.8	6	13	5	1
1	2	3.3	6	18	3	19
2	2	2.79	8	30	6	21
2	1	0.9	2	12	3	22
1	2	1.7	8	19	2	15
2	1	1.74	4	6	0	17
2	1	3.55	7	6	0	0
2	1	1.55	11	7	5	17
1	1	1.9	8	29	5	0
2	1	1.39	11	26	3	3
2	1	2.47	7	9	3	22
1	1	0.9	10	17	5	13
1	1	1	1	29	3	7
2	1	0.7	12	28	0	14
2	1	1.16	8	19	2	17
2	5	0.48	7	1	2	10
2	1	7.83	2	21	5	9
2	6	4.53	3	24	1	8
2	5	2.63	6	8	0	18
1	1	0.6	10	2	4	19
2	1	3.23	9	20	6	4
2	1	1.23	8	12	2	10
2	1	7.02	11	20	4	17
2	1	2.18	6	12	4	23
2	5	3.51	5	10	6	16
2	1	0.76	7	30	3	8
2	1	0.6	7	24	4	19
2	1	2.29	10	2	4	18
1	1	1.1	5	8	4	23
2	2	13.53	9	22	1	21
2	2	4.6	4	11	5	18
1	1	1.5	2	7	5	10
2	1	3.64	5	25	0	20
2	1	2.54	11	14	5	12
2	1	3.98	11	21	5	1
2	1	1.75	1	22	3	12
2	1	2.18	10	18	6	11
2	1	0.9	1	23	4	0
1	1	1.7	4	16	3	21
1	1	2	9	16	2	23
2	1	2.1	7	16	3	18
2	5	1.81	7	19	6	0
2	1	6.1	11	28	5	22
2	1	5.76	5	12	1	18
1	1	3.1	8	27	3	15
2	1	2.15	10	13	1	13
2	1	2.08	4	16	3	12
2	1	1.57	6	18	3	21
2	1	1.83	11	28	5	13
2	1	0.74	4	6	0	19
2	1	0.96	10	28	2	19
2	1	3.11	2	9	0	16
1	1	1.6	6	20	5	22
2	1	5.29	12	28	0	22
2	1	7.66	2	15	6	9
2	1	4.8	1	8	3	10
2	1	0.49	12	7	0	7
1	1	0.8	6	17	2	23
2	1	2.63	11	24	1	4
2	2	0.58	6	8	0	15
2	1	5.74	7	27	0	0
2	1	1.1	5	4	0	7
2	1	7.7	8	9	6	22
2	1	1.34	11	3	1	8
1	2	3.2	6	26	4	12
2	5	0.49	2	15	6	17
1	1	14.8	4	20	0	20
1	1	1.6	9	21	0	3
2	2	4.19	11	9	0	6
2	1	11.24	1	2	4	3
2	1	2.05	8	6	3	17
2	1	1.99	6	27	5	23
2	1	1.19	3	22	6	17
1	2	4.6	10	1	3	16
2	1	1.18	10	17	5	18
2	6	0.63	4	19	6	15
1	2	13.5	4	19	6	15
1	1	0.7	9	12	5	10
2	1	8.34	1	21	2	21
2	1	10.48	1	24	5	1
2	1	0.77	3	22	6	19
2	1	1.41	11	28	5	19
2	1	4.85	1	24	5	23
1	1	6.6	12	15	1	14
2	3	2.33	1	6	1	3
2	1	0.82	12	5	5	1
2	1	1.99	2	15	6	18
2	1	4.67	1	30	4	15
2	1	0.62	6	17	2	22
1	1	2.6	9	28	0	23
2	1	10.76	8	23	6	21
2	1	6.62	6	7	6	5
2	1	0.86	6	5	4	23
1	2	0.4	7	4	5	20
2	1	0.78	11	15	6	1
2	1	0.99	11	3	1	14
2	1	2.57	2	1	6	15
1	1	2	3	21	5	14
2	2	1.16	9	29	1	14
2	1	0.82	1	4	6	20
2	1	1.43	9	8	1	13
2	1	2.26	2	3	1	15
2	1	1.72	12	11	4	20
2	2	1.96	1	17	5	13
2	1	2.05	3	10	1	9
2	1	0.95	7	18	5	11
1	1	0.9	4	24	4	23
1	1	3.9	5	8	4	13
2	1	1.83	3	28	5	22
2	2	3.55	6	5	4	22
1	1	0.4	3	13	4	19
1	2	0.8	1	24	5	2
2	1	1.14	1	29	3	8
1	1	0.9	3	12	3	9
2	1	1.41	3	28	5	10
2	1	0.53	3	19	3	22
2	1	1.24	10	12	0	9
2	1	1.6	12	2	2	8
2	1	2.31	2	18	2	23
2	1	5.38	7	12	6	14
2	1	1.39	7	11	5	22
2	1	4.65	4	23	3	8
2	1	1.03	3	7	5	14
2	1	1.7	3	12	3	14
2	1	1.77	6	27	5	23
2	1	3.09	6	15	0	8
2	1	7.13	12	20	6	20
2	1	2.12	10	24	5	4
1	1	2.3	5	7	3	8
2	1	1.7	12	16	2	14
2	1	2.36	3	16	0	0
2	5	1.84	2	12	3	11
2	2	4.53	10	5	0	13
2	5	3.17	4	16	3	20
2	1	2.44	4	5	6	2
2	1	8.13	5	10	6	1
1	1	1.8	6	23	1	19
1	1	2.1	5	3	6	10
2	1	1.05	10	30	4	22
1	1	0.6	7	17	4	15
1	1	0.4	7	2	3	22
2	1	1.19	12	18	4	7
2	3	3.03	2	4	2	18
1	1	1.5	9	21	0	14
2	1	3.54	12	14	0	1
1	1	0.6	7	23	3	18
1	1	8.1	8	23	6	5
2	1	1.28	9	18	4	3
1	1	0.9	12	14	0	19
1	1	0.6	7	3	4	18
2	1	4.46	7	17	4	9
2	1	2.98	10	28	2	13
2	1	4.17	4	25	5	22
2	1	0.97	5	21	3	16
2	1	2.69	8	19	2	19
2	3	2.13	4	29	2	20
2	1	0.47	1	18	6	9
2	2	10.58	5	18	0	8
1	1	0.7	6	17	2	16
2	1	0.53	7	14	1	9
2	1	0.83	3	28	5	3
2	1	1.81	2	8	6	10
2	1	1.68	12	23	2	19
2	3	9.62	11	3	1	20
2	1	2.67	7	15	2	12
2	1	8.46	12	17	3	23
2	1	2.38	8	27	3	4
2	1	1.26	12	3	3	17
2	1	1.12	12	9	2	18
2	1	0.4	7	14	1	13
2	1	1.4	4	25	5	18
1	1	1	10	26	0	1
2	1	1.62	6	27	5	16
2	1	3.01	5	20	2	17
2	1	1.49	12	21	0	23
2	1	8.44	9	23	2	9
2	1	1.66	4	26	6	22
2	1	0.47	9	26	5	16
1	1	2.3	9	16	2	11
2	1	2.8	4	24	4	7
2	6	2.63	11	7	5	19
2	1	3.87	12	3	3	6
1	1	2.4	8	24	0	19
1	1	2.9	4	23	3	7
2	1	9.02	6	19	4	15
1	1	3.9	11	5	3	18
2	6	2.14	8	2	6	22
1	1	0.9	3	29	6	2
2	1	4.07	1	28	2	14
1	1	3.5	6	9	1	17
2	1	18.6	11	9	0	15
1	1	12.4	9	19	5	19
2	1	1.25	12	1	1	8
1	1	0.8	11	28	5	0
2	1	1.58	1	16	4	16
1	1	1.2	12	6	6	10
2	1	3.95	11	4	2	10
2	1	2.9	3	22	6	1
2	3	2.42	3	29	6	13
2	3	4	8	28	4	6
1	1	2.5	7	11	5	1
2	1	1.14	11	25	2	1
2	1	1.16	12	22	1	9
2	1	7.07	11	25	2	20
2	1	0.9	12	11	4	19
2	1	5.63	10	7	2	12
1	2	4.1	10	5	0	12
2	1	3.41	3	14	5	1
2	1	1.66	1	10	5	14
2	1	0.78	9	8	1	18
2	1	4.96	10	12	0	0
2	1	2.08	1	16	4	17
1	1	0.9	9	11	4	17
1	1	5.6	8	1	5	0
2	5	2.84	11	10	1	22
2	1	0.89	4	25	5	9
2	5	2.62	1	24	5	0
1	1	1.1	4	10	4	9
1	1	4	10	14	2	21
2	1	1.2	11	7	5	1
2	1	2.09	3	20	4	21
2	1	0.61	5	4	0	4
2	1	3.52	4	15	2	12
2	1	2.76	12	30	2	20
2	1	13	9	27	6	4
2	1	3.29	2	13	4	13
2	5	4.77	1	16	4	6
2	1	4.77	8	27	3	5
2	1	0.95	8	1	5	2
2	1	1.15	9	1	1	23
1	1	1	8	19	2	4
2	1	4.33	3	10	1	19
1	2	1.2	4	12	6	9
2	1	0.82	9	8	1	8
2	6	2.03	8	1	5	2
2	1	5.45	6	18	3	8
2	1	1.26	5	7	3	19
2	1	1.06	6	3	2	9
2	1	1.63	7	20	0	10
1	1	4.6	9	26	5	1
2	1	9.62	5	16	5	2
2	2	4.11	12	20	6	0
1	1	9	11	12	3	12
2	1	7.02	4	28	1	6
2	1	1.28	6	12	4	20
2	1	3.86	3	22	6	4
2	2	2.26	9	24	3	18
1	1	2.4	4	26	6	14
2	5	7.9	4	11	5	6
2	1	4.03	8	10	0	14
2	1	1.36	6	6	5	23
2	1	6.04	11	16	0	7
1	1	4.9	9	21	0	8
2	5	0.68	3	9	0	15
2	1	2.79	9	2	2	19
1	1	2.3	5	4	0	20
1	2	1.1	9	19	5	14
2	1	1.51	3	27	4	14
2	1	1.02	5	19	1	14
2	1	0.93	3	27	4	22
2	1	5.13	3	28	5	17
2	1	6.15	9	20	6	20
2	1	0.71	4	8	2	11
1	2	0.8	1	26	0	0
1	1	1.1	8	20	3	8
2	1	1.97	12	16	2	0
2	1	0.64	11	8	6	1
2	1	1.91	11	22	6	9
2	1	0.65	8	28	4	16
2	1	2.87	9	27	6	10
2	6	2.49	7	21	1	11
2	1	0.66	12	7	0	17
2	1	2.16	12	10	3	11
1	1	6	4	18	5	9
2	1	0.81	3	30	0	15
2	1	3.92	7	22	2	13
2	2	2.07	5	10	6	2
2	1	2.39	9	4	4	2
2	1	5.97	9	13	6	3
2	1	7.12	12	17	3	10
2	1	4.49	7	17	4	22
2	1	6.7	9	26	5	21
2	1	1.19	1	7	2	19
2	1	3.11	7	22	2	0
1	1	1.2	5	29	4	23
2	1	3.35	2	10	1	11
2	1	1.82	11	13	4	16
2	1	2.09	3	28	5	23
2	1	1.99	11	12	3	22
2	1	2.37	1	19	0	8
2	1	7.48	1	16	4	21
1	2	16.2	4	12	6	5
2	1	1.84	9	4	4	14
2	1	13.53	1	26	0	8
1	1	2.2	12	12	5	23
2	1	0.55	4	2	3	17
2	1	1.36	2	8	6	2
2	2	1.15	5	23	5	22
2	1	0.61	12	18	4	23
2	1	1.24	9	9	2	7
2	1	6.22	3	21	5	19
2	5	2.71	6	12	4	18
2	1	0.47	9	10	3	18
2	2	3.32	10	16	4	12
2	1	2.4	4	16	3	2
2	1	2.79	5	27	2	23
2	1	0.95	6	8	0	23
2	1	1.34	1	26	0	8
2	1	1.84	2	26	3	8
1	1	1.7	4	2	3	21
2	1	0.63	7	23	3	14
2	1	1.37	1	12	0	10
2	1	4.09	5	21	3	7
2	1	0.96	2	24	1	13
2	2	4.59	7	11	5	2
1	1	1.9	9	18	4	11
2	1	4.87	6	1	0	19
1	1	0.6	6	4	3	8
1	1	0.7	5	13	2	6
2	1	1.1	10	15	3	13
2	2	5.56	8	29	5	15
2	1	2.74	4	17	4	0
2	1	0.86	7	11	5	2
2	1	1.93	5	5	1	0
2	1	0.35	12	20	6	7
2	1	5.57	12	8	1	22
2	1	1.44	7	25	5	10
2	1	9.39	11	14	5	4
2	1	5.98	1	9	4	12
2	3	5.6	6	13	5	10
2	1	1.25	10	29	3	18
2	1	2.91	10	11	6	3
2	1	1.51	8	2	6	0
1	1	2	12	19	5	19
2	1	2.06	3	24	1	11
2	1	3.55	6	18	3	14
2	1	1.49	10	1	3	10
2	1	1.81	12	30	2	20
2	5	3.57	6	24	2	15
2	1	3.21	2	13	4	8
2	1	1.71	6	15	0	7
1	1	2.5	7	7	1	15
2	1	1.5	8	27	3	22
1	1	7.2	7	11	5	8
2	1	0.8	11	14	5	20
2	1	2	4	9	3	18
2	1	1.3	3	14	5	0
1	1	0.8	3	1	6	2
2	5	5.05	2	1	6	22
1	2	1.2	4	2	3	17
2	1	1.22	2	17	1	20
2	1	1.43	7	7	1	22
2	1	5.08	12	6	6	3
1	1	0.7	10	16	4	18
2	1	0.73	1	24	5	17
2	1	2.1	10	7	2	15
2	1	1.31	8	19	2	13
2	1	1.78	3	22	6	12
2	2	0.37	1	3	5	4
2	1	0.5	1	29	3	13
2	1	2	12	23	2	18
2	1	0.84	9	12	5	1
2	1	8.9	4	7	1	23
2	1	2.45	5	22	4	22
2	1	1.58	11	27	4	13
2	1	1.52	8	12	2	18
2	1	2.33	3	12	3	21
2	1	3.07	5	24	6	22
2	1	6.86	2	21	5	17
2	1	2.36	2	7	5	11
2	1	5.17	5	8	4	15
2	1	1	2	26	3	11
2	1	3.28	12	13	6	1
2	1	0.35	6	23	1	10
1	1	1.9	12	9	2	22
1	1	0.9	2	27	4	7
2	1	6.15	2	4	2	16
1	1	3.4	5	17	6	2
2	5	0.87	1	8	3	19
2	2	1.02	11	29	6	9
2	1	0.96	1	14	2	18
2	1	0.63	12	19	5	10
1	1	1.9	1	1	3	4
1	1	2	5	19	1	11
2	1	5.03	7	24	4	17
1	1	2.7	3	26	3	20
2	1	0.92	3	1	6	0
2	1	3.56	7	4	5	19
2	1	1.23	3	4	2	1
2	1	0.58	7	19	6	21
1	1	1	5	29	4	16
2	5	5	5	6	2	23
2	1	15.83	8	30	6	19
1	1	1	4	1	2	9
2	1	3.66	5	4	0	9
2	1	1.53	1	14	2	19
2	1	3.13	5	26	1	17
2	1	2.15	10	30	4	18
2	2	0.95	6	16	1	16
2	2	8.58	1	1	3	5
2	1	8.33	7	27	0	4
2	2	3.57	2	20	4	8
2	2	6.91	9	9	2	12
2	1	2.51	10	4	6	4
1	1	2.8	7	1	2	8
2	1	2.23	3	9	0	9
2	1	5.01	8	25	1	8
2	1	1.77	10	23	4	16
2	1	1.46	3	7	5	21
2	1	4.7	10	6	1	10
1	1	1.6	5	2	5	16
1	1	0.5	5	3	6	3
2	1	1.2	7	7	1	17
1	1	1.7	4	8	2	18
2	1	14.75	11	8	6	18
2	2	1.28	5	30	5	23
2	1	0.55	3	24	1	20
2	1	4.21	5	2	5	12
2	3	0.92	6	7	6	12
1	1	10.8	1	28	2	9
2	5	4.4	2	12	3	23
1	1	5.8	8	19	2	21
1	2	0.7	7	30	3	16
1	1	1	2	27	4	7
2	1	1.42	3	12	3	16
2	1	3.03	8	30	6	12
2	1	0.98	1	26	0	14
2	1	1.21	2	7	5	23
2	1	1.27	3	16	0	18
2	5	4.4	7	7	1	9
2	1	10.07	12	12	5	20
2	1	2.37	3	21	5	21
2	1	2.77	4	6	0	11
2	5	2.53	3	7	5	15
2	1	4.47	8	30	6	10
2	1	3.25	2	15	6	19
1	1	1.2	6	4	3	14
2	1	3.14	4	9	3	9
2	1	0.9	1	11	6	16
1	1	1.6	4	5	6	3
2	1	3.11	7	17	4	18
2	1	0.43	2	27	4	1
2	1	14.58	10	26	0	13
2	2	1.41	3	29	6	17
2	3	0.55	9	3	3	9
2	1	2.06	2	20	4	16
2	2	3.78	1	21	2	16
2	1	1.64	10	20	1	14
2	1	3.1	5	9	5	1
1	1	11.6	8	16	6	0
1	1	1.5	5	20	2	22
2	1	0.41	3	7	5	15
1	1	2.2	9	5	5	1
2	2	1.76	2	19	3	18
1	1	1	12	18	4	2
2	1	1.88	2	17	1	22
2	1	0.62	11	6	4	18
2	1	17.82	5	13	2	15
1	1	1.7	11	19	3	14
2	2	7.65	1	28	2	10
2	1	0.74	10	2	4	8
2	1	2.49	11	15	6	19
2	1	8.18	8	7	4	23
2	1	1.36	7	11	5	0
1	1	0.9	12	27	6	10
1	1	0.8	10	14	2	12
2	1	1.05	1	15	3	11
2	1	1.39	5	2	5	17
2	1	1.41	8	28	4	15
2	1	4.24	8	14	4	10
1	1	5.3	12	6	6	4
2	1	4.4	9	17	3	21
2	1	3.9	4	8	2	19
2	1	2.36	12	21	0	17
2	1	0.99	12	15	1	8
2	2	4.56	2	19	3	13
1	2	4	1	9	4	17
2	1	1.06	7	16	3	9
2	1	1.11	11	5	3	19
2	1	2.97	6	21	6	5
2	1	2.11	2	20	4	20
2	1	1.39	11	11	2	0
1	1	23.5	8	9	6	4
2	1	5.21	5	8	4	10
1	1	0.7	8	1	5	20
2	1	3.77	8	25	1	14
2	2	3.17	1	30	4	21
2	1	0.99	7	17	4	22
2	1	1.48	8	12	2	8
2	1	1.26	8	23	6	10
2	1	6.71	1	30	4	5
2	1	8.96	1	13	1	15
2	1	0.6	10	8	3	21
2	1	1.42	3	13	4	1
2	1	1.54	2	5	3	9
2	1	2.08	11	13	4	21
2	2	0.57	3	5	3	19
2	1	1.59	9	26	5	11
2	1	4.27	5	24	6	21
2	1	2.87	8	18	1	22
1	1	1	4	16	3	8
2	1	6.92	4	26	6	5
2	1	2.78	8	12	2	21
2	1	0.39	1	29	3	10
1	1	1	10	14	2	7
2	1	1.93	12	7	0	15
1	1	9.1	11	13	4	7
1	1	1.3	9	18	4	9
2	1	1.85	11	12	3	21
1	1	1.5	10	19	0	8
2	1	13.78	6	10	2	7
2	2	10.96	8	20	3	1
2	1	0.88	6	5	4	6
1	1	1.4	6	7	6	13
2	1	2.73	1	28	2	17
2	6	1.05	1	21	2	6
1	1	3.3	2	8	6	18
2	1	10.3	8	22	5	13
2	1	3.84	7	3	4	22
2	1	0.89	3	19	3	14
2	1	2.78	12	19	5	23
2	1	1.16	12	16	2	2
1	1	1.3	4	25	5	5
2	1	4.16	6	10	2	9
2	1	0.92	11	4	2	17
2	1	6.28	4	6	0	17
2	1	5.56	2	1	6	16
2	1	0.72	12	22	1	9
1	4	0.4	5	25	0	20
2	1	1.89	2	24	1	16
2	1	1.13	12	22	1	12
2	1	1.2	4	4	5	23
2	1	1.44	10	27	1	21
1	1	1.1	7	26	6	18
2	1	4.38	6	19	4	9
1	1	0.5	3	5	3	19
2	1	1.29	3	28	5	22
2	1	10.5	8	22	5	12
2	1	0.48	6	11	3	12
2	1	0.29	2	8	6	14
2	1	3.99	10	26	0	3
2	1	1.18	5	13	2	18
2	1	2.32	4	19	6	17
2	1	5.02	6	1	0	15
2	1	6.5	1	3	5	6
2	1	3.63	10	9	4	20
1	1	0.8	3	8	6	17
2	1	3.16	8	29	5	13
1	1	0.5	3	19	3	13
2	1	0.77	4	26	6	18
1	1	7.3	10	24	5	12
2	1	4.89	4	28	1	17
1	1	1.4	1	28	2	19
2	1	1.01	3	17	1	22
2	1	1.65	12	23	2	19
1	1	3.5	5	25	0	1
2	1	1.4	3	4	2	15
2	1	1.21	8	12	2	18
2	3	10.22	11	2	0	16
2	1	2.25	5	6	2	16
2	1	5.31	8	29	5	14
2	5	1.33	2	10	1	12
1	1	2	4	18	5	23
2	1	0.54	8	16	6	4
2	2	0.31	4	7	1	18
1	1	0.8	1	5	0	18
1	2	5.3	4	18	5	19
2	1	3.39	1	1	3	2
2	2	1.3	8	5	2	19
2	1	2.56	6	11	3	13
2	1	4.05	5	17	6	9
2	5	1.07	8	21	4	22
1	1	1.7	6	28	6	12
2	1	1.89	4	29	2	12
2	1	0.76	3	16	0	13
2	1	5.1	5	20	2	15
2	2	8.45	1	17	5	9
2	1	0.48	8	22	5	22
2	1	4.69	3	11	2	15
2	1	2.51	6	5	4	20
2	1	1.23	7	19	6	4
2	1	6.42	6	6	5	20
2	2	3.19	3	28	5	16
2	1	5.19	11	5	3	11
1	1	1.5	12	9	2	14
1	1	1.7	7	7	1	20
2	1	1.08	1	6	1	8
2	1	1.79	10	11	6	12
2	5	3.86	9	16	2	12
1	1	6.2	11	19	3	17
2	1	2.5	8	10	0	16
2	1	0.91	6	10	2	17
2	5	1.58	3	21	5	19
2	2	1.57	12	30	2	15
2	1	0.88	10	6	1	18
1	1	0.9	5	25	0	14
1	1	2	11	2	0	10
2	3	10.43	3	14	5	18
1	1	0.8	11	3	1	8
1	1	1.7	6	28	6	19
2	1	9.71	12	26	5	10
2	1	8.63	4	4	5	13
2	1	5.12	8	8	5	7
2	1	5.77	11	26	3	16
2	1	1.5	2	6	4	23
1	1	1.9	7	18	5	20
2	2	0.97	9	8	1	13
2	1	2.14	10	22	3	5
2	1	1.94	3	27	4	17
2	1	1.16	5	30	5	18
2	5	1.29	3	7	5	2
2	1	1.14	9	18	4	20
2	1	1.8	11	3	1	15
2	1	0.94	8	30	6	10
2	1	1.03	11	24	1	17
2	1	7.09	7	9	3	16
2	1	1.75	1	14	2	1
2	1	3.36	6	20	5	16
2	1	3.04	7	4	5	11
2	1	0.77	12	8	1	16
2	1	2.23	8	30	6	22
2	1	0.69	5	21	3	8
2	1	2.28	11	20	4	5
1	1	0.5	7	29	2	19
2	1	1.24	12	8	1	19
2	1	8.13	7	20	0	3
1	1	1	4	14	1	12
2	5	5.7	10	17	5	21
2	1	1.09	4	18	5	16
2	1	2.3	1	14	2	21
1	1	10.1	6	9	1	22
2	1	2.04	1	16	4	23
1	1	1.7	11	10	1	9
2	1	1.6	7	22	2	18
2	1	2.62	7	15	2	7
2	1	1.66	7	30	3	18
2	5	4.36	6	25	3	23
1	1	0.7	8	17	0	11
2	1	0.75	9	11	4	19
2	1	2.13	4	23	3	5
2	5	1.45	9	16	2	20
1	1	2.8	6	10	2	11
2	1	7.86	4	7	1	20
2	1	2.35	12	7	0	18
2	1	3.17	9	27	6	1
2	2	9.08	10	24	5	23
2	2	2.52	4	18	5	22
2	1	3.08	9	25	4	7
1	1	2	7	19	6	19
2	5	3.03	1	18	6	3
2	1	0.87	8	13	3	15
2	1	0.43	2	22	6	3
2	1	3.44	5	17	6	21
2	1	2	5	25	0	23
2	1	4.98	11	6	4	2
2	1	1.28	10	12	0	19
2	1	2.56	4	17	4	21
1	1	5.2	8	12	2	10
1	1	1	8	23	6	18
2	3	2.27	7	12	6	21
2	1	0.64	8	24	0	13
1	1	4	4	22	2	14
1	1	1.9	11	3	1	23
2	1	1.28	8	6	3	12
1	2	2.7	5	2	5	0
2	2	1.59	9	2	2	4
2	1	6.86	9	18	4	10
2	5	5.62	2	11	2	14
2	1	0.52	3	2	0	9
2	2	5.81	3	29	6	2
1	1	1.5	9	26	5	21
2	1	1.48	8	30	6	8
2	2	5.56	6	7	6	9
2	1	3.23	1	9	4	22
1	2	1.9	8	24	0	17
1	1	0.4	5	14	3	18
2	1	4.12	8	23	6	20
2	1	3.19	7	12	6	19
2	1	0.94	12	19	5	18
2	1	0.81	10	12	0	17
2	1	0.81	1	23	4	18
1	1	1.7	2	20	4	19
2	1	7.65	4	7	1	15
2	1	1.51	12	4	4	19
2	5	0.54	10	5	0	10
2	1	1.85	4	12	6	13
2	1	0.4	2	17	1	19
2	1	8.35	12	4	4	13
2	1	1.53	4	14	1	1
2	1	0.9	2	11	2	22
2	1	3.92	11	13	4	6
2	1	1.91	1	3	5	17
2	1	2.29	10	5	0	19
1	1	1.9	4	25	5	6
2	1	1.95	12	28	0	22
2	1	5.18	4	16	3	23
2	1	1.14	7	25	5	23
2	1	1.14	5	28	3	1
2	1	1.15	10	16	4	16
2	1	3.9	5	13	2	13
2	1	2.03	2	17	1	18
2	1	1.2	6	25	3	19
2	2	1.64	3	10	1	9
2	1	1.22	10	15	3	21
2	1	1.19	1	1	3	19
2	1	1.49	11	22	6	5
2	1	0.96	11	1	6	21
1	1	1.3	6	29	0	21
2	1	2.17	9	4	4	0
2	1	0.53	7	2	3	8
2	3	1.43	8	2	6	11
1	1	1.1	6	9	1	20
2	1	3.61	4	23	3	23
2	1	6.75	5	8	4	12
2	1	2.63	9	25	4	17
2	1	5.64	6	14	6	17
2	3	5.31	2	16	0	20
1	1	1.9	1	24	5	22
2	5	0.91	4	17	4	23
2	1	1.52	2	14	5	20
1	1	1.9	5	27	2	18
2	1	1.44	8	25	1	20
2	1	14.35	9	16	2	12
1	1	0.9	11	10	1	15
2	1	1.76	8	28	4	16
2	1	1.01	2	14	5	15
2	1	1.19	10	22	3	11
2	1	2.47	9	26	5	18
2	5	0.59	6	29	0	21
2	6	0.98	9	20	6	23
2	2	4.93	7	6	0	0
2	1	1.24	4	6	0	18
2	1	1.98	8	22	5	5
2	1	4.41	6	6	5	21
2	1	4.83	2	22	6	12
2	2	1.14	8	14	4	23
1	2	0.3	5	21	3	11
2	1	3.34	1	24	5	2
2	1	11.77	5	10	6	16
2	1	4.58	10	2	4	20
2	1	5.36	7	21	1	23
2	1	2.42	4	11	5	23
2	5	1.21	3	21	5	21
2	1	1.32	2	26	3	15
2	1	0.42	8	14	4	15
1	1	4	7	12	6	19
2	1	10.89	11	14	5	1
2	1	0.8	9	19	5	16
2	1	4.21	2	27	4	0
2	5	4.37	12	20	6	22
2	1	9.26	9	6	6	22
2	1	8.48	9	26	5	14
1	1	1.3	4	10	4	19
2	1	4.16	2	12	3	22
2	1	1.4	3	28	5	12
2	2	8.11	12	21	0	1
2	1	1.53	8	28	4	16
2	1	8.11	2	9	0	8
1	1	1.5	9	15	1	1
2	1	0.86	3	25	2	23
2	1	9.34	5	17	6	2
2	1	0.94	9	12	5	16
2	1	2.07	5	16	5	20
2	1	6.13	4	10	4	14
2	1	2.92	2	3	1	11
2	2	1.67	7	30	3	17
2	1	2.54	7	25	5	18
2	1	4.31	5	19	1	9
2	1	10.89	8	2	6	14
2	1	1.67	12	7	0	20
2	1	2.75	3	7	5	1
2	1	0.9	10	16	4	20
2	5	3.07	7	22	2	0
2	1	0.69	12	1	1	8
2	1	2.95	3	9	0	16
1	1	12.3	7	26	6	20
2	1	3.12	4	29	2	3
2	1	2.6	2	9	0	23
2	1	1.59	7	17	4	23
1	1	8.4	8	14	4	8
2	1	8.73	8	2	6	0
1	1	5.6	6	1	0	8
2	1	0.35	12	2	2	22
1	1	0.8	6	1	0	11
2	6	0.76	7	7	1	16
2	1	8.2	3	15	6	3
2	1	2.52	3	28	5	8
2	1	3.53	2	9	0	20
2	1	1.01	12	8	1	1
2	1	0.94	2	13	4	0
2	1	1.46	4	19	6	17
2	3	0.57	6	26	4	11
2	1	10.93	7	8	2	21
2	1	9	1	18	6	2
2	1	0.61	1	10	5	1
2	2	2.33	12	12	5	22
1	1	2.2	3	24	1	16
2	1	0.87	3	10	1	8
2	1	4.24	4	25	5	19
1	1	1.8	12	1	1	19
2	1	6.93	7	14	1	19
2	1	4.36	5	16	5	11
2	1	0.72	4	12	6	20
2	1	0.75	1	24	5	22
2	1	1.59	10	10	5	4
1	1	2.1	11	7	5	0
2	5	1.76	3	2	0	19
2	1	6.08	12	16	2	23
2	1	0.56	2	3	1	10
2	1	2.42	6	9	1	12
2	1	1.74	5	2	5	12
2	1	2.23	8	15	5	22
2	1	2.4	7	11	5	23
1	1	1.6	3	17	1	17
2	1	0.82	2	21	5	0
2	1	4.16	9	12	5	5
2	2	0.74	3	2	0	19
2	1	1.69	5	5	1	18
2	1	5.97	8	1	5	1
1	1	1.7	12	25	4	18
2	1	1.25	3	25	2	17
2	1	13.57	5	10	6	16
2	2	0.46	1	1	3	20
2	1	1.06	8	27	3	7
2	1	4.96	1	28	2	13
2	1	1.37	7	6	0	16
1	2	4.5	3	21	5	23
2	5	0.98	1	8	3	19
2	1	5.48	8	18	1	22
1	1	0.8	5	19	1	18
2	1	2.72	5	11	0	8
2	5	2.14	11	3	1	9
2	1	1.3	3	21	5	19
2	5	3.37	2	17	1	4
2	1	1.01	2	8	6	19
1	1	0.7	12	28	0	7
2	2	3.02	9	7	0	1
2	1	6.24	1	4	6	23
2	1	3.12	5	21	3	11
2	1	3.24	4	3	4	23
2	1	0.94	12	8	1	13
2	1	1.7	8	4	1	8
2	1	1.44	11	24	1	12
2	1	2.62	12	27	6	23
2	2	2.2	11	20	4	18
2	1	1.32	3	21	5	0
1	1	0.8	10	15	3	10
2	1	2.21	10	22	3	12
2	2	1.76	7	6	0	21
2	1	4.57	7	30	3	10
1	1	1.7	9	11	4	21
2	1	6.46	3	22	6	3
2	1	1.68	6	3	2	7
1	1	0.6	2	24	1	19
1	1	1.6	2	16	0	16
2	1	0.99	7	17	4	10
2	1	1.79	6	9	1	20
1	1	1.7	7	23	3	19
1	1	3.2	11	10	1	19
2	6	1.99	10	30	4	15
2	1	3.49	7	18	5	23
2	1	1.77	5	6	2	10
2	1	2.12	12	17	3	18
1	1	3.3	7	11	5	1
1	1	1.1	3	20	4	16
2	1	3.17	10	14	2	15
2	1	1.71	7	26	6	5
2	1	3.18	6	14	6	8
2	1	2.73	11	1	6	17
2	1	1.5	12	8	1	19
2	6	0.73	9	25	4	18
2	1	1.94	1	14	2	5
2	5	0.84	4	5	6	17
1	1	0.8	1	13	1	19
2	1	1.81	12	17	3	15
1	1	1.4	4	16	3	1
2	1	2.53	4	19	6	22
2	1	1.36	7	20	0	6
2	2	1.23	10	26	0	18
2	1	4.46	4	24	4	7
2	1	10.03	2	10	1	20
2	1	0.71	3	20	4	18
2	1	6.83	1	29	3	6
2	1	4.57	4	1	2	9
1	1	2.2	5	3	6	15
2	1	4.08	12	6	6	4
2	1	6.76	2	27	4	18
1	1	1.4	9	16	2	18
1	1	6.6	1	7	2	2
2	1	0.48	2	19	3	23
2	6	0.86	11	20	4	18
2	1	0.9	3	27	4	22
2	1	2.22	2	27	4	16
1	1	7.4	7	28	1	17
2	1	0.44	4	23	3	16
2	1	4.2	4	1	2	3
2	1	1.08	5	12	1	22
2	1	0.66	5	1	4	2
2	1	1.58	12	12	5	16
2	2	1.03	12	4	4	22
2	1	1.66	11	25	2	10
2	1	3.64	3	29	6	20
2	1	2.44	9	25	4	8
2	1	7.06	4	22	2	14
1	4	0.5	11	28	5	22
2	1	2.25	2	14	5	19
2	3	0.54	12	2	2	2
2	1	3.28	4	2	3	5
2	2	3.62	9	1	1	18
1	1	3.9	5	25	0	22
1	1	1.2	12	1	1	10
2	1	1.35	5	25	0	13
2	1	0.95	1	19	0	11
2	1	0.85	8	2	6	2
2	1	1.1	1	17	5	23
2	1	1.56	7	27	0	23
2	1	0.51	6	13	5	18
2	1	3.39	5	2	5	15
1	1	0.6	2	21	5	13
2	1	3.1	9	11	4	23
2	1	3.55	6	4	3	0
2	1	1.51	5	2	5	9
1	1	0.6	2	23	0	11
1	1	0.8	2	1	6	3
2	1	0.74	1	28	2	19
2	2	0.83	11	9	0	19
2	1	14.88	11	6	4	22
2	1	4.75	3	26	3	21
2	5	2.61	9	14	0	20
2	1	1.36	6	21	6	17
2	1	3.23	5	3	6	22
2	1	0.8	9	20	6	0
1	1	2	1	16	4	0
2	1	0.26	4	17	4	1
2	1	1.23	5	5	1	13
2	1	4.81	9	24	3	12
2	1	0.52	7	21	1	22
2	1	1.54	11	19	3	19
2	1	1.77	3	26	3	22
1	1	2.4	4	14	1	23
2	1	5.25	7	3	4	23
2	1	1.27	11	21	5	21
2	1	1.57	8	21	4	9
2	1	4.83	2	27	4	17
1	1	0.5	1	24	5	0
1	2	0.6	1	25	6	4
1	1	0.5	1	3	5	22
2	2	1.57	5	28	3	19
2	1	4.64	9	26	5	9
1	1	8.4	8	23	6	6
2	1	0.42	12	17	3	21
2	1	4.56	10	7	2	19
2	1	1.26	6	19	4	20
2	1	3.47	3	10	1	18
1	1	9.4	2	20	4	20
2	5	1.4	12	6	6	4
2	1	7.67	2	24	1	20
2	1	3.57	6	14	6	15
2	2	3.89	10	2	4	10
2	1	2.43	8	9	6	2
2	1	1.5	6	18	3	8
2	1	5.71	9	13	6	1
2	1	3.73	9	4	4	22
2	1	1.08	4	27	0	22
2	1	1.3	1	4	6	14
1	2	1.6	2	18	2	4
2	1	13.03	6	5	4	17
2	5	0.99	1	23	4	22
2	1	5.41	1	16	4	18
2	2	1.97	1	9	4	18
2	1	1.62	8	7	4	8
1	1	2.4	8	28	4	17
2	1	3.86	3	24	1	5
1	1	7.5	5	29	4	23
1	1	4.3	8	1	5	3
2	2	1.66	8	24	0	18
2	2	3.64	9	13	6	1
2	5	0.73	7	29	2	16
2	1	6.84	1	11	6	21
2	1	0.53	9	9	2	20
2	1	5.92	10	17	5	3
2	1	1.07	11	4	2	0
2	2	9.64	7	17	4	23
2	1	5.56	7	26	6	23
1	1	3.6	11	1	6	13
2	1	2.93	12	20	6	11
2	1	6.34	7	2	3	17
2	1	1.37	12	20	6	17
2	1	2.17	3	24	1	20
2	1	0.61	11	3	1	16
1	1	1.3	9	8	1	12
2	1	0.45	3	10	1	16
2	1	3.31	12	4	4	12
2	1	5.41	5	15	4	9
1	2	1.6	2	17	1	22
2	1	1.83	9	27	6	1
2	1	0.51	9	20	6	0
2	1	1.95	2	19	3	20
2	1	1.97	5	4	0	9
2	1	0.83	9	3	3	15
2	1	3.58	10	5	0	12
2	1	0.7	10	16	4	7
2	5	0.67	11	29	6	2
2	5	1.54	7	26	6	6
2	2	1.91	8	8	5	0
2	1	0.45	12	3	3	22
2	1	0.89	11	25	2	15
2	1	0.75	7	3	4	17
2	1	1.93	2	12	3	19
2	1	6.27	5	29	4	21
2	1	1.09	5	23	5	5
2	5	17.11	5	1	4	20
2	1	1.21	1	15	3	9
1	1	0.4	12	10	3	16
2	2	4.56	6	3	2	20
2	1	3.07	3	12	3	8
2	1	10.5	9	10	3	5
2	1	2.42	6	21	6	15
2	1	1.48	9	6	6	2
2	1	0.95	9	27	6	22
2	1	1.47	2	23	0	9
1	1	0.5	5	14	3	23
1	1	3.3	5	25	0	14
2	1	2.17	7	5	6	21
2	2	2.03	7	12	6	5
2	4	7.67	4	25	5	1
2	1	2.51	12	11	4	22
2	1	5.44	8	18	1	6
2	1	1.17	9	29	1	16
2	1	3.48	8	23	6	2
2	1	4.07	2	18	2	7
2	1	3.93	2	19	3	8
2	1	15.39	4	9	3	6
2	1	1.44	10	17	5	2
2	1	2.81	8	7	4	7
2	1	1.55	4	25	5	10
2	1	0.91	2	9	0	18
2	1	6.47	2	3	1	22
2	1	1.85	8	26	2	4
2	1	1.11	5	19	1	20
2	1	0.77	7	13	0	17
2	5	2.58	10	26	0	3
2	1	2.58	12	6	6	16
2	1	3.01	4	5	6	23
2	1	3.51	3	10	1	20
2	1	2.91	5	2	5	16
2	1	0.7	7	27	0	19
1	1	2.5	1	28	2	15
2	1	3.43	9	5	5	0
2	2	1.74	11	8	6	11
2	1	0.48	5	12	1	17
2	1	4.48	6	20	5	21
2	1	0.46	2	11	2	13
2	1	6.84	7	8	2	21
2	1	1.86	3	6	4	6
2	1	2.81	3	13	4	23
2	1	18.38	5	28	3	14
2	3	5.04	7	23	3	10
2	1	0.82	2	6	4	18
1	1	1	7	8	2	23
2	1	2.56	5	21	3	19
2	1	2.1	7	3	4	7
2	1	1.46	1	15	3	10
2	1	7.78	7	20	0	13
2	1	3.96	1	17	5	23
2	1	0.91	8	30	6	3
1	1	7.8	1	10	5	12
2	1	2.91	5	29	4	8
2	1	2.28	7	22	2	19
2	1	2.09	12	10	3	23
2	1	1.19	3	17	1	16
2	1	1.38	10	2	4	15
2	1	0.84	8	12	2	10
2	1	0.88	9	22	1	11
2	1	6.43	6	27	5	11
1	1	2.8	9	28	0	20
2	1	1.9	7	24	4	20
2	1	2.77	11	19	3	18
2	1	2.39	6	6	5	5
2	1	1.69	12	4	4	19
2	1	2.64	10	4	6	1
2	6	3.73	8	30	6	0
2	1	1.08	6	27	5	14
2	1	0.77	6	26	4	17
2	1	1.22	1	8	3	14
2	6	4.39	4	15	2	20
2	2	1.03	4	3	4	0
2	1	2.29	2	23	0	20
1	1	1.3	1	20	1	17
2	5	0.96	5	14	3	10
2	1	1.88	7	25	5	19
2	1	0.73	4	28	1	10
1	1	1.1	12	24	3	6
2	1	1.1	4	26	6	22
2	1	0.69	8	17	0	9
2	6	2.41	12	4	4	9
1	1	3.9	5	13	2	16
2	1	2.32	5	30	5	20
2	1	2.56	1	2	4	9
2	1	2.21	3	3	1	14
2	1	10.12	10	1	3	13
1	1	1	8	25	1	19
2	1	0.48	8	4	1	14
2	1	1.9	2	14	5	19
2	1	2.33	1	18	6	18
2	2	5.29	2	17	1	18
2	1	1.28	5	17	6	2
1	1	2.9	9	24	3	8
2	1	1.02	4	26	6	0
2	5	1.66	12	6	6	16
2	2	1.97	5	8	4	0
1	2	1.8	5	11	0	21
2	1	0.97	4	28	1	17
2	1	4.36	3	22	6	14
2	5	1.8	8	13	3	7
1	1	7.1	7	17	4	8
2	1	4.02	7	5	6	2
2	1	3.49	4	19	6	2
1	1	0.8	6	9	1	15
2	1	3.48	8	18	1	8
2	1	5.42	4	21	1	10
2	1	1.14	11	17	1	14
2	1	9.75	2	1	6	23
2	1	1.5	7	15	2	18
2	1	2.25	6	2	1	0
1	1	2.1	10	20	1	19
2	1	0.6	2	20	4	22
2	1	0.68	2	2	0	0
2	1	2.8	5	21	3	20
2	1	0.84	3	1	6	9
2	1	4.78	6	7	6	1
2	1	1.91	10	8	3	20
2	1	12.28	11	22	6	3
1	1	5.3	8	16	6	21
1	1	5.9	4	12	6	0
2	1	1.85	7	5	6	12
2	1	0.91	2	2	0	17
2	1	0.86	11	16	0	21
2	1	2.84	9	9	2	8
2	1	3.85	12	29	1	11
2	1	3.69	9	18	4	15
1	1	2.1	3	12	3	4
2	1	0.65	7	7	1	17
2	1	1.01	6	22	0	9
2	1	0.67	5	1	4	20
2	1	2.6	6	4	3	21
1	1	1.8	12	9	2	16
2	1	3.19	11	13	4	19
1	1	2	5	14	3	22
2	1	2.27	12	23	2	14
1	1	1.1	2	26	3	19
2	1	3.78	10	16	4	17
2	1	2.66	1	19	0	15
1	2	0.3	5	3	6	15
2	1	4.86	9	4	4	15
2	1	4.61	7	10	4	17
2	1	0.28	4	28	1	17
1	2	2.2	5	2	5	19
2	4	4.44	10	10	5	23
1	1	1.5	10	22	3	17
2	1	3.39	4	10	4	23
1	1	1.1	5	5	1	17
2	1	2.69	7	11	5	6
1	3	4.5	4	18	5	17
2	1	1.92	9	7	0	22
1	1	0.5	1	25	6	20
2	2	2.66	11	6	4	19
2	1	5.12	6	11	3	18
2	5	3.37	10	20	1	16
2	1	0.88	4	25	5	20
2	1	1.12	4	29	2	19
2	1	2.47	12	2	2	7
2	1	0.92	2	27	4	12
2	5	0.57	10	30	4	11
2	1	8.13	3	14	5	11
1	1	2	4	13	0	16
2	1	2.29	5	19	1	20
2	1	6.14	1	23	4	18
2	1	2.32	3	5	3	20
2	1	1.33	12	22	1	7
1	1	0.9	12	5	5	2
2	1	7.95	5	30	5	0
1	1	19	12	6	6	20
1	1	3.6	12	1	1	18
2	1	3.46	10	29	3	9
2	1	1.01	2	5	3	17
2	1	2.5	6	29	0	8
1	1	1	9	5	5	19
2	2	5.37	8	7	4	14
2	1	1.43	4	20	0	19
1	1	0.8	10	23	4	19
2	1	2.17	11	15	6	12
2	1	4.85	1	29	3	16
2	1	1.36	5	30	5	3
1	1	1.4	4	15	2	12
2	1	2.24	5	12	1	16
2	2	0.98	9	22	1	17
1	1	0.7	6	9	1	13
2	1	2.92	8	7	4	18
1	1	2	12	12	5	10
2	1	9.57	1	13	1	21
2	6	3.09	12	28	0	11
2	1	1.95	8	12	2	21
2	1	5.21	5	5	1	23
2	1	2.73	10	17	5	21
2	1	7.16	8	24	0	10
2	1	3.7	1	15	3	13
2	1	1.26	1	22	3	23
1	1	1.4	3	21	5	17
2	1	3.17	12	6	6	1
2	1	3.86	10	28	2	12
2	2	0.49	8	7	4	12
2	1	2.91	3	10	1	23
1	1	1.9	4	5	6	3
2	1	10.86	6	26	4	16
2	1	1.69	11	21	5	17
2	1	1.71	12	28	0	23
2	1	0.98	12	15	1	9
2	1	17.95	5	3	6	10
1	1	0.4	10	16	4	13
2	1	8.25	1	23	4	19
2	1	1.52	4	6	0	16
2	1	3.46	11	29	6	23
2	2	5.97	5	30	5	22
2	1	1.25	6	9	1	0
1	1	0.3	1	21	2	13
2	1	4.92	8	18	1	22
2	1	2.43	2	13	4	18
2	1	0.3	2	12	3	14
2	3	4.39	4	7	1	21
2	5	1.51	1	28	2	22
1	1	2.1	11	26	3	14
1	1	1.4	8	9	6	16
2	1	0.52	8	6	3	13
2	1	3.68	1	5	0	18
1	1	0.7	3	7	5	4
2	1	2.61	10	3	5	12
2	1	8.61	4	10	4	18
1	2	3.6	12	6	6	3
2	1	0.86	9	13	6	17
2	1	2.15	10	8	3	10
2	1	1.91	12	28	0	16
2	1	0.55	11	21	5	13
2	1	1.81	6	23	1	22
1	1	0.7	5	14	3	19
2	5	0.84	1	10	5	16
2	1	2.48	5	21	3	11
2	1	1.95	6	29	0	16
2	1	1.57	2	19	3	12
1	1	1.3	3	5	3	12
1	1	2.5	10	6	1	19
2	1	1.4	7	25	5	18
1	1	0.7	3	20	4	12
2	1	2.12	4	22	2	0
2	2	1.72	7	19	6	18
2	1	0.4	6	10	2	19
1	2	5.5	12	5	5	18
2	1	1.19	8	2	6	20
2	1	6.29	10	16	4	10
2	1	0.74	4	19	6	9
2	1	3.39	6	1	0	19
2	1	1.92	3	18	2	19
2	1	2.96	5	1	4	4
2	5	2.34	11	5	3	16
2	1	3.16	9	7	0	4
2	1	1.33	3	28	5	1
1	2	0.6	9	7	0	0
2	2	0.59	5	9	5	7
1	1	1.4	2	18	2	7
2	5	8.19	2	21	5	1
2	1	2.6	10	11	6	23
2	1	3.02	10	16	4	20
2	1	1.18	2	5	3	19
2	2	3.64	5	10	6	1
1	1	2.2	9	17	3	18
2	1	7.1	12	30	2	3
2	1	6.38	1	8	3	6
2	1	1.53	11	26	3	18
2	1	0.59	11	26	3	11
1	1	1.3	12	18	4	16
2	1	4.95	12	14	0	15
2	1	1.58	12	4	4	17
2	1	1.03	7	1	2	14
2	1	0.97	12	2	2	15
2	1	0.77	4	13	0	14
1	1	2.5	7	11	5	18
1	1	10.7	4	3	4	4
2	1	1.38	3	20	4	17
1	1	2.3	3	21	5	20
2	1	9.39	7	23	3	15
2	1	0.68	10	29	3	7
2	1	2.09	6	6	5	17
2	1	3.14	5	1	4	21
2	2	1.02	3	14	5	18
1	1	2.1	10	21	2	8
2	1	2.19	8	16	6	0
2	1	4.57	6	6	5	1
2	1	1.86	9	23	2	22
2	2	2.19	7	19	6	22
1	2	1.2	12	13	6	22
2	1	1.1	9	9	2	18
1	1	1.1	11	27	4	6
1	1	0.7	12	26	5	22
2	1	1.1	1	24	5	17
1	1	2.1	6	9	1	3
2	1	3.64	10	15	3	19
2	1	0.56	9	9	2	13
2	1	1.75	12	30	2	11
2	1	0.76	9	3	3	9
2	1	1.22	8	22	5	18
2	1	4.03	10	21	2	19
2	1	4.21	5	28	3	1
2	1	1.6	2	7	5	21
2	2	1.51	2	14	5	9
2	2	1.1	9	12	5	21
1	1	3.2	2	23	0	18
1	1	1	12	15	1	13
2	1	2.93	4	8	2	20
2	1	1.19	11	14	5	4
2	1	5.65	6	4	3	23
2	1	1.37	1	9	4	2
1	1	1.6	5	26	1	13
2	1	2.56	6	14	6	23
2	1	4.2	7	10	4	23
2	1	0.53	6	22	0	18
2	1	1.33	12	2	2	13
2	1	1.62	9	27	6	22
1	4	3	9	20	6	22
1	1	0.7	9	18	4	22
1	1	1.3	11	20	4	14
2	5	2.93	4	2	3	20
2	1	1.91	4	8	2	15
2	1	1.01	4	28	1	7
1	1	2.1	11	27	4	4
2	1	0.52	4	6	0	20
2	2	1.05	7	25	5	0
1	1	1.5	4	3	4	20
1	1	8.5	5	30	5	18
2	1	1.49	4	7	1	1
2	1	0.64	8	14	4	18
1	1	0.7	11	22	6	15
2	1	4.18	4	22	2	11
2	1	1.78	10	17	5	20
2	1	0.58	12	25	4	19
2	6	3.08	1	12	0	9
2	1	1.83	2	14	5	0
2	5	0.25	7	6	0	19
2	1	2.91	4	26	6	11
2	1	1.21	3	25	2	0
2	6	2.32	2	18	2	19
1	2	3.4	4	12	6	15
1	1	1.3	2	11	2	22
1	1	1.1	2	2	0	14
2	1	0.53	9	4	4	16
2	1	1.96	2	11	2	17
1	1	2.7	8	1	5	8
1	1	2.8	2	7	5	11
2	1	1.4	2	2	0	17
2	1	8.37	12	28	0	15
2	1	0.68	3	18	2	13
2	1	0.82	8	20	3	8
2	6	0.38	6	7	6	21
2	3	2.74	7	25	5	20
2	1	0.6	12	7	0	8
2	1	1.95	7	1	2	9
2	1	3.84	2	20	4	19
1	1	0.9	4	18	5	4
2	1	2.21	10	25	6	17
1	1	4.7	8	7	4	21
2	1	2.25	5	29	4	18
2	1	0.36	7	19	6	13
2	1	0.54	5	24	6	2
2	1	10.59	10	22	3	17
2	1	0.75	3	29	6	11
2	1	1.36	6	25	3	23
2	1	3.9	5	9	5	0
1	1	3.3	4	18	5	23
2	1	1.29	2	2	0	10
1	1	4	2	2	0	8
2	1	5.31	6	4	3	13
2	1	0.82	4	23	3	18
2	1	0.78	3	9	0	18
2	1	12.73	10	1	3	13
1	1	8.3	11	28	5	8
1	1	1	12	10	3	22
2	1	1.13	9	10	3	23
2	1	1.93	12	20	6	19
2	1	5.26	1	24	5	14
1	1	0.8	12	7	0	10
2	1	2.29	4	2	3	17
2	1	2.4	11	20	4	15
2	1	3.26	10	11	6	17
2	6	2.52	4	5	6	23
2	1	10.53	11	6	4	15
2	1	1.32	12	1	1	14
2	1	2.26	4	12	6	12
2	1	2.59	9	19	5	3
1	1	1.3	3	18	2	9
2	1	0.81	11	21	5	5
2	1	3.2	3	11	2	18
2	1	1.41	8	13	3	15
2	1	1.82	2	19	3	21
2	1	7.69	12	22	1	10
2	1	1.02	7	11	5	14
2	1	12.04	3	25	2	22
2	1	0.67	2	11	2	17
2	1	5.7	4	24	4	23
2	5	1.03	11	5	3	11
2	2	1.19	3	13	4	7
1	1	0.9	2	3	1	18
2	1	5.81	6	12	4	21
2	1	6.78	5	22	4	13
2	1	1.99	6	9	1	11
2	1	3.23	10	10	5	21
2	1	4.84	9	7	0	18
2	1	1.05	2	20	4	20
1	1	7.3	3	25	2	5
1	1	2.2	3	1	6	9
2	1	1.5	8	22	5	0
2	1	2.38	1	22	3	17
2	1	5.36	8	9	6	19
2	5	0.48	11	14	5	1
1	1	8.1	9	18	4	8
2	1	4.34	2	12	3	16
2	3	7.62	5	16	5	20
2	1	2.36	10	4	6	9
2	5	1.51	12	20	6	3
1	1	1.9	3	27	4	19
2	1	0.99	4	4	5	17
2	1	5.13	6	21	6	13
2	1	1.37	7	17	4	18
2	1	1.9	6	1	0	15
2	1	1.64	2	3	1	11
2	2	5.39	7	24	4	10
2	1	1.03	12	24	3	11
2	1	1.34	5	27	2	18
2	5	8.06	5	26	1	6
1	1	6.1	12	10	3	15
2	1	1.78	3	27	4	18
2	1	0.78	1	4	6	19
2	1	3.72	7	4	5	13
2	1	6.47	5	16	5	19
2	1	1.27	5	2	5	10
2	1	2.32	8	13	3	16
2	1	2.72	10	16	4	18
2	1	2.66	8	13	3	0
2	1	0.93	2	12	3	18
2	6	2.12	3	12	3	18
2	5	0.66	3	13	4	19
2	1	0.92	5	12	1	7
2	1	1.61	4	11	5	11
2	3	1.92	4	16	3	20
2	1	0.62	4	3	4	19
2	1	5.92	4	20	0	23
1	1	9.8	5	27	2	11
2	1	6.7	9	2	2	10
2	1	1.68	6	20	5	23
2	1	0.83	7	6	0	17
2	1	0.39	10	16	4	8
2	3	15.43	12	25	4	7
2	1	0.73	2	22	6	14
1	1	1.1	6	5	4	18
2	1	0.44	7	1	2	19
2	1	1.05	7	19	6	17
2	1	1.95	10	3	5	18
2	1	3.9	10	10	5	23
2	1	2.85	9	4	4	15
2	1	7.81	5	9	5	23
2	1	5.2	2	15	6	2
1	2	2.3	11	28	5	16
2	1	6.96	11	7	5	5
1	1	2.8	4	28	1	10
2	1	0.78	8	19	2	10
2	1	4.59	3	1	6	0
2	1	7.56	3	25	2	8
2	1	0.99	8	21	4	13
2	1	1.17	5	30	5	13
2	2	3.54	9	8	1	0
2	1	3.52	2	26	3	23
2	6	4.46	10	29	3	8
2	1	1.55	2	26	3	21
1	1	1.7	8	14	4	21
2	1	1.82	7	8	2	22
1	1	1.3	6	27	5	23
2	1	0.69	11	25	2	20
1	1	1.3	4	24	4	17
2	1	4.46	3	15	6	1
1	1	4.5	3	13	4	21
2	1	1.64	3	6	4	21
2	1	19.05	6	20	5	18
2	1	2.52	3	30	0	21
2	1	5.54	1	26	0	1
2	1	3.22	10	23	4	23
1	1	0.5	10	21	2	21
2	1	2.58	5	2	5	20
2	1	5.92	7	11	5	1
2	1	1.76	8	5	2	0
2	1	4.31	5	29	4	21
1	1	4.6	12	26	5	12
2	1	2.68	7	2	3	17
2	1	1.19	8	5	2	18
2	2	0.57	12	18	4	20
2	1	0.98	7	7	1	22
2	1	1.2	9	13	6	13
2	1	1.2	1	13	1	22
2	1	1.07	4	10	4	20
2	1	2.41	5	30	5	15
1	1	2.2	2	4	2	16
2	1	4.42	11	26	3	14
1	1	1.8	8	8	5	9
1	1	1.6	8	9	6	12
2	1	3.78	8	17	0	12
1	1	1	7	28	1	21
2	1	4.8	1	11	6	9
1	1	1.7	2	11	2	22
2	1	1.34	8	28	4	7
2	1	1.48	4	28	1	16
2	1	1.01	6	6	5	21
2	3	4.89	6	18	3	13
2	1	1.71	1	15	3	21
2	1	2.89	4	9	3	0
2	1	0.78	9	16	2	13
1	1	1.5	11	17	1	16
1	1	1.3	3	3	1	19
1	1	0.5	12	6	6	1
2	1	1.57	3	18	2	1
1	1	2	10	27	1	16
2	1	0.74	9	17	3	2
2	1	1.52	9	29	1	20
2	1	4.74	10	29	3	21
2	1	0.91	8	21	4	15
2	1	1.91	4	26	6	21
2	5	1.27	9	6	6	3
2	1	0.83	4	19	6	11
2	1	0.5	3	15	6	18
2	1	13.46	4	2	3	10
2	1	0.81	11	15	6	13
2	1	1.99	3	19	3	17
2	1	2	2	16	0	21
1	1	2.2	7	30	3	16
2	1	3.75	8	28	4	7
2	1	0.72	2	14	5	12
1	1	6.4	5	18	0	0
2	1	0.99	8	6	3	0
2	1	1.44	4	15	2	7
2	1	0.97	4	25	5	3
1	2	4.9	6	25	3	7
2	1	8.01	12	19	5	14
2	1	3.38	1	30	4	21
2	1	2.43	6	3	2	15
2	1	1.32	6	25	3	19
2	1	3.38	8	2	6	21
2	2	2.12	3	16	0	14
1	1	2	12	9	2	17
2	1	0.59	7	19	6	16
2	1	1.23	11	27	4	22
1	1	3.5	1	17	5	19
2	1	2	8	14	4	22
2	1	0.69	6	9	1	18
2	1	2.22	2	12	3	7
2	1	0.94	9	16	2	14
1	1	4.7	3	10	1	1
2	1	0.89	10	9	4	20
2	1	2.35	11	15	6	19
1	1	1.3	4	1	2	9
2	1	1.23	2	3	1	9
2	1	4.13	2	25	2	22
1	1	5.6	4	24	4	21
2	1	8.88	3	6	4	9
2	1	2.17	12	1	1	18
2	1	1.36	1	7	2	23
2	6	1.59	1	15	3	0
2	1	0.49	1	15	3	9
2	3	6.22	3	6	4	12
2	1	1.64	11	24	1	21
2	1	5.5	3	9	0	17
2	1	1.91	9	24	3	8
2	1	2.97	11	7	5	1
2	1	0.98	5	7	3	10
2	1	2.69	7	24	4	2
1	1	0.7	8	18	1	8
2	1	1.22	3	10	1	14
2	5	1.03	7	18	5	20
2	1	1.92	4	6	0	8
2	1	0.81	3	17	1	6
1	1	1.1	10	21	2	18
2	1	2.61	12	21	0	19
1	2	1.8	5	8	4	20
2	1	1.03	4	9	3	21
2	1	0.86	6	4	3	10
2	1	1.53	11	9	0	3
2	1	1.77	11	3	1	18
2	1	0.51	4	3	4	21
2	5	5.77	3	11	2	22
2	1	1.56	5	9	5	1
2	1	3.04	9	18	4	13
2	6	1.07	8	22	5	12
2	1	3.45	8	20	3	7
2	2	2.26	10	23	4	19
2	1	0.95	5	13	2	9
1	1	0.8	3	9	0	20
2	1	1.25	3	12	3	0
2	1	0.9	9	13	6	19
2	1	1.67	8	9	6	1
2	5	0.7	2	6	4	20
2	1	1.99	4	25	5	1
1	1	0.5	1	15	3	21
2	1	0.65	1	27	1	19
1	1	4.8	5	8	4	0
1	1	1.6	6	16	1	18
1	1	2.1	9	19	5	17
1	1	1.9	5	20	2	14
2	1	10.09	10	24	5	10
1	1	1.8	6	14	6	14
1	1	7.5	4	5	6	22
2	5	5.82	5	2	5	0
2	1	2.08	8	5	2	14
2	1	1.82	10	7	2	9
2	1	1.4	4	1	2	20
2	1	4.49	3	29	6	17
2	1	1.32	6	18	3	14
2	1	2.53	5	30	5	17
2	1	3.61	2	20	4	21
2	1	0.68	1	8	3	17
2	6	4	6	25	3	18
2	1	26.29	12	30	2	17
2	1	1.89	12	25	4	12
1	1	18.5	11	8	6	8
2	1	0.55	8	27	3	9
2	1	4.09	9	23	2	7
2	1	1.77	10	7	2	9
2	3	3.76	4	24	4	19
2	1	2.83	11	4	2	12
1	1	0.7	3	15	6	22
2	1	4.8	5	8	4	18
2	1	4.23	9	12	5	10
2	5	1.29	11	13	4	22
1	1	3.5	11	24	1	0
2	1	0.58	6	22	0	16
2	1	1.14	5	3	6	20
2	5	4.94	2	9	0	17
2	1	1.83	12	12	5	14
2	6	3.24	3	26	3	15
1	1	0.6	2	3	1	13
2	1	2.35	1	18	6	22
2	1	1.79	10	11	6	19
2	1	1.69	5	22	4	20
2	1	0.52	12	2	2	9
2	1	3.21	5	22	4	10
2	1	1.32	11	23	0	21
2	1	2.43	4	12	6	22
2	1	8.87	12	26	5	15
1	1	1.2	9	16	2	8
2	5	5.92	7	21	1	21
2	2	1.02	4	13	0	22
2	1	0.45	11	20	4	0
2	1	0.99	3	2	0	11
1	1	3.7	12	9	2	21
2	2	6.57	1	28	2	9
2	1	7.84	10	15	3	17
2	2	1.8	5	13	2	13
1	1	3.5	12	7	0	7
2	1	2.91	3	12	3	7
2	1	4.53	8	20	3	6
2	1	0.83	10	30	4	9
2	1	1.77	9	11	4	11
2	1	0.76	12	13	6	1
2	1	5.77	7	4	5	22
2	1	1.01	3	20	4	21
1	1	3.7	7	20	0	0
1	1	0.9	12	15	1	12
2	1	0.39	1	11	6	13
1	1	3.7	11	23	0	20
2	1	10.18	4	18	5	19
2	1	4.11	11	16	0	14
2	5	3.33	11	16	0	1
2	2	1.83	3	14	5	19
2	1	0.49	5	27	2	13
1	1	0.5	9	29	1	3
1	1	1.2	9	1	1	15
2	1	1.49	7	6	0	0
2	1	14.03	4	12	6	13
